6.8	0.21	0.49	14.5	0.06	50	170	0.9991	3.55	0.44	9.8	6	
5.6	0.41	0.24	1.9	0.034	10	53	0.98815	3.32	0.5	13.5	7	
6.6	0.62	0.2	8.7	0.046	81	224	0.99605	3.17	0.44	9.3	5	
6.4	0.28	0.19	5.4	0.042	67	181	0.99435	3.31	0.35	10.2	6	
8.7	0.49	0.57	17.8	0.052	34	243	1.0007	2.98	0.82	9	5	
6.6	0.35	0.29	14.4	0.044	54	177	0.9991	3.17	0.58	8.9	6	
6.3	0.24	0.37	1.8	0.031	6	61	0.9897	3.3	0.34	12.2	4	
8.4	0.2	0.31	2.8	0.054	16	89	0.99416	2.96	0.45	9.5	6	
6.5	0.39	0.35	1.6	0.049	10	164	0.99516	3.35	0.51	9.7	5	
7.2	0.23	0.38	6.1	0.067	20	90	0.99496	3.17	0.79	9.7	5	
7.1	0.28	0.19	7.8	0.04	48	184	0.99579	3.16	0.5	9.4	5	
6.1	0.15	0.29	6.2	0.046	39	151	0.99471	3.6	0.44	10.6	6	
7.2	0.29	0.18	8.2	0.042	41	180	0.99644	3.16	0.49	9.1	5	
7.1	0.28	0.19	7.8	0.04	48	184	0.99579	3.16	0.5	9.4	5	
6.1	0.23	0.45	10.6	0.094	49	169	0.99699	3.05	0.54	8.8	5	
6.7	0.23	0.42	11.2	0.047	52	171	0.99758	3.54	0.74	10.4	5	
7.5	0.31	0.24	7.1	0.031	28	141	0.99397	3.16	0.38	10.6	7	
6.1	0.15	0.29	6.2	0.046	39	151	0.99471	3.6	0.44	10.6	6	
7.4	0.2	0.29	1.7	0.047	16	100	0.99243	3.28	0.45	10.6	6	
7.4	0.18	0.29	1.4	0.042	34	101	0.99384	3.54	0.6	10.5	7	
7.2	0.29	0.2	7.7	0.046	51	174	0.99582	3.16	0.52	9.5	5	
7.3	0.21	0.21	1.6	0.046	35	133	0.99466	3.38	0.46	10	6	
7.1	0.14	0.35	1.4	0.039	24	128	0.99212	2.97	0.68	10.4	5	
7.2	0.39	0.54	1.4	0.157	34	132	0.99449	3.11	0.53	9	6	
7.6	0.48	0.28	10.4	0.049	57	205	0.99748	3.24	0.45	9.3	5	
7.2	0.39	0.54	1.4	0.157	34	132	0.99449	3.11	0.53	9	6	
7.6	0.48	0.28	10.4	0.049	57	205	0.99748	3.24	0.45	9.3	5	
8.5	0.25	0.31	2.8	0.032	11	61	0.99189	3.06	0.44	11.5	6	
6.9	0.3	0.21	15.7	0.056	49	159	0.99827	3.11	0.48	9	5	
6.6	0.19	0.43	10.9	0.045	53	154	0.99752	3.52	0.77	10.4	6	
6.9	0.3	0.21	15.7	0.056	49	159	0.99827	3.11	0.48	9	5	
9.4	0.42	0.32	6.5	0.027	20	167	0.99479	3.08	0.43	10.6	5	
6.6	0.19	0.43	10.9	0.045	53	154	0.99752	3.52	0.77	10.4	6	
6.3	0.2	0.3	5.9	0.034	35	152	0.99642	3.47	0.4	8.5	6	
7.3	0.19	0.25	1.4	0.051	41	107	0.99382	3.53	0.66	10.5	7	
6.7	0.25	0.26	13.5	0.06	50	156	0.99784	3.39	0.46	9.9	6	
6.2	0.25	0.28	8.5	0.035	28	108	0.99486	3.4	0.42	10.4	6	
6.1	0.46	0.32	6.2	0.053	10	94	0.99537	3.35	0.47	10.1	5	
7.3	0.19	0.25	1.4	0.051	41	107	0.99382	3.53	0.66	10.5	7	
7.5	0.29	0.26	14.95	0.067	47	178	0.99838	3.04	0.49	9.2	4	
6.7	0.31	0.18	7.7	0.043	57	200	0.99566	3.17	0.44	9.4	6	
7.4	0.14	0.3	1.3	0.033	25	91	0.99268	3.53	0.39	10.6	6	
6.7	0.31	0.18	7.7	0.043	57	200	0.99566	3.17	0.44	9.4	6	
7.1	0.4	0.52	1.3	0.148	45	149	0.99468	3.08	0.56	8.7	5	
6.3	0.16	0.22	1.3	0.046	18	66	0.99307	3.61	0.55	10.3	6	
7.4	0.33	0.26	15.6	0.049	67	210	0.99907	3.06	0.68	9.5	5	
7.4	0.33	0.26	15.6	0.049	67	210	0.99907	3.06	0.68	9.5	5	
7.4	0.33	0.26	15.6	0.049	67	210	0.99907	3.06	0.68	9.5	5	
7.4	0.33	0.26	15.6	0.049	67	210	0.99907	3.06	0.68	9.5	5	
6.6	0.41	0.24	4.9	0.158	47	144	0.99471	3.17	0.49	9.4	5	
6.7	0.43	0.23	5	0.157	49	145	0.99471	3.17	0.49	9.4	5	
7.4	0.33	0.26	15.6	0.049	67	210	0.99907	3.06	0.68	9.5	5	
7.3	0.4	0.28	6.5	0.037	26	97	0.99148	3.16	0.58	12.6	7	
7.4	0.18	0.24	1.4	0.047	21	106	0.99383	3.52	0.64	10.5	7	
8.6	0.17	0.28	2.7	0.047	38	150	0.99365	3.1	0.56	10.8	6	
6.5	0.32	0.23	1.2	0.054	39	208	0.99272	3.18	0.46	9.9	6	
7.3	0.4	0.28	6.5	0.037	26	97	0.99148	3.16	0.58	12.6	7	
7	0.32	0.31	6.4	0.031	38	115	0.99235	3.38	0.58	12.2	7	
7.5	0.42	0.19	6.9	0.041	62	150	0.99508	3.23	0.37	10	6	
6.5	0.29	0.42	10.6	0.042	66	202	0.99674	3.24	0.53	9.5	6	
6.3	0.41	0.18	3.5	0.027	23	109	0.99018	3.34	0.54	12.8	8	
7	0.32	0.31	6.4	0.031	38	115	0.99235	3.38	0.58	12.2	7	
7.3	0.3	0.33	2.3	0.043	28	125	0.99084	3.34	0.44	12.6	7	
6.6	0.22	0.28	12.05	0.058	25	125	0.99856	3.45	0.45	9.4	5	
6	0.26	0.18	7	0.055	50	194	0.99591	3.21	0.43	9	5	
7	0.36	0.3	5	0.04	40	143	0.99173	3.33	0.42	12.2	7	
5.6	0.295	0.2	2.2	0.049	18	134	0.99378	3.21	0.68	10	5	
6.8	0.21	0.55	14.6	0.053	34	159	0.99805	2.93	0.44	9.2	5	
9.4	0.28	0.3	1.6	0.045	36	139	0.99534	3.11	0.49	9.3	5	
8.1	0.28	0.34	1.3	0.035	11	126	0.99232	3.14	0.5	9.8	6	
6.8	0.21	0.55	14.6	0.053	34	159	0.99805	2.93	0.44	9.2	5	
7	0.22	0.26	2.8	0.036	44	132	0.99078	3.34	0.41	12	7	
9.4	0.28	0.3	1.6	0.045	36	139	0.99534	3.11	0.49	9.3	5	
6.8	0.32	0.3	3.3	0.029	15	80	0.99061	3.33	0.63	12.6	7	
7	0.19	0.33	6.3	0.032	42	127	0.99182	3.31	0.38	12.2	6	
7.5	0.24	0.62	10.6	0.045	51	153	0.99779	3.16	0.44	8.8	5	
7.5	0.26	0.59	11.8	0.046	58	164	0.99814	3.17	0.46	8.9	4	
6.6	0.4	0.32	1.7	0.035	39	84	0.99096	3.59	0.48	12.7	7	
8	0.2	0.3	8.1	0.037	42	130	0.99379	3.1	0.67	11.8	6	
4.6	0.445	0	1.4	0.053	11	178	0.99426	3.79	0.55	10.2	5	
6.1	0.41	0.04	1.3	0.036	23	121	0.99228	3.24	0.61	9.9	6	
6.9	0.3	0.21	7.2	0.045	54	190	0.99595	3.22	0.48	9.4	5	
7	0.35	0.17	1.1	0.049	7	119	0.99297	3.13	0.36	9.7	6	
6.9	0.35	0.55	11.95	0.038	22	111	0.99687	3.11	0.29	9.7	5	
7	0.35	0.17	1.1	0.049	7	119	0.99297	3.13	0.36	9.7	6	
6.9	0.35	0.55	11.95	0.038	22	111	0.99687	3.11	0.29	9.7	5	
7.5	0.3	0.32	1.4	0.032	31	161	0.99154	2.95	0.42	10.5	5	
6.8	0.37	0.28	1.9	0.024	64	106	0.98993	3.45	0.6	12.6	8	
7.5	0.23	0.35	17.8	0.058	128	212	1.00241	3.44	0.43	8.9	5	
8.3	0.27	0.34	10.2	0.048	50	118	0.99716	3.18	0.51	10.3	5	
6.8	0.26	0.22	4.8	0.041	110	198	0.99437	3.29	0.67	10.6	5	
7.2	0.34	0.3	8.4	0.051	40	167	0.99756	3.48	0.62	9.7	5	
7	0.23	0.26	7.2	0.041	21	90	0.99509	3.22	0.55	9.5	6	
7.7	0.29	0.29	4.8	0.06	27	156	0.99572	3.49	0.59	10.3	6	
7.2	0.34	0.3	8.4	0.051	40	167	0.99756	3.48	0.62	9.7	5	
6.7	0.17	0.27	1.4	0.032	39	149	0.99254	3.4	0.52	10.5	5	
7	0.23	0.26	7.2	0.041	21	90	0.99509	3.22	0.55	9.5	6	
8.1	0.24	0.26	11	0.043	41	211	0.99676	3.11	0.49	10	6	
7.5	0.23	0.29	2.6	0.031	24	98	0.99194	3	0.54	10.9	6	
8.3	0.26	0.31	2	0.029	14	141	0.99077	2.95	0.77	12.2	6	
7.9	0.46	0.4	10.1	0.168	19	184	0.99782	3.06	0.62	9.5	5	
7.9	0.31	0.22	13.3	0.048	46	212	0.99942	3.47	0.59	10	5	
7.9	0.25	0.34	11.4	0.04	53	202	0.99708	3.11	0.57	9.6	6	
6.1	0.28	0.16	1.3	0.06	36	126	0.99353	3.13	0.46	8.7	6	
7	0.18	0.26	1.4	0.044	46	89	0.99256	3.39	0.48	10.7	7	
6.5	0.21	0.28	1.4	0.046	26	66	0.99199	3.43	0.48	11.1	6	
7.1	0.34	0.32	2	0.051	29	130	0.99354	3.3	0.5	10.4	6	
8.9	0.21	0.37	1.2	0.028	20	93	0.99244	3.2	0.37	11.5	5	
7.4	0.32	0.27	12.9	0.04	60	221	0.99831	3.05	0.66	9.4	5	
6	0.495	0.27	5	0.157	17	129	0.99396	3.03	0.36	9.3	5	
8.1	0.25	0.34	10.1	0.05	30	121	0.99724	3.17	0.49	10.1	6	
8.2	0.25	0.46	3.75	0.05	14	102	0.99524	3.28	0.58	9.7	5	
6.7	0.24	0.26	12.6	0.053	44	182	0.99802	3.42	0.42	9.7	5	
6.6	0.32	0.24	1.3	0.06	42.5	204	0.99512	3.59	0.51	9.2	5	
7.6	0.32	0.35	1.6	0.092	24	138	0.99438	3.19	0.44	9.8	5	
7.4	0.33	0.44	7.6	0.05	40	227	0.99679	3.12	0.52	9	5	
7.2	0.3	0.3	8.1	0.05	40	188	0.99652	3.15	0.49	9.1	6	
7.4	0.34	0.3	14.9	0.037	70	169	0.99698	3.25	0.37	10.4	6	
6.1	0.16	0.29	6	0.03	29	144	0.99474	3.68	0.46	10.7	6	
6.3	0.1	0.24	6	0.039	25	107	0.99511	3.59	0.49	10.5	7	
6.2	0.45	0.73	7.2	0.099	47	202	0.99582	3.21	0.43	9.2	5	
6	0.33	0.18	3	0.036	5	85	0.99125	3.28	0.4	11.5	4	
7.6	0.48	0.37	1.2	0.034	5	57	0.99256	3.05	0.54	10.4	3	
7	0.32	0.29	4.9	0.036	41	150	0.99168	3.38	0.43	12.2	6	
7	0.22	0.29	8.9	0.05	24	90	0.99556	3.29	0.46	9.8	6	
9.4	0.23	0.56	16.45	0.063	52.5	282	1.00098	3.1	0.51	9.3	5	
6.4	0.27	0.19	2	0.084	21	191	0.99516	3.49	0.63	9.6	4	
6.4	0.27	0.19	1.9	0.085	21	196	0.99516	3.49	0.64	9.5	4	
7	0.23	0.42	5.1	0.042	37	144	0.99518	3.5	0.59	10.2	6	
6.9	0.15	0.28	4.4	0.029	14	107	0.99347	3.24	0.46	10.4	8	
6.9	0.15	0.28	4.4	0.029	14	107	0.99347	3.24	0.46	10.4	8	
7.6	0.2	0.68	12.9	0.042	56	160	0.99841	3.05	0.41	8.7	5	
6.9	0.3	0.29	1.3	0.053	24	189	0.99362	3.29	0.54	9.9	4	
6.9	0.3	0.3	1.3	0.053	24	186	0.99361	3.29	0.54	9.9	4	
6.8	0.46	0.26	2.7	0.042	28	83	0.99114	3.38	0.51	12	8	
6.5	0.24	0.29	8.2	0.043	32	156	0.99453	3.13	0.7	10.1	6	
6.3	0.695	0.55	12.9	0.056	58	252	0.99806	3.29	0.49	8.7	5	
8.4	0.3	0.25	17.75	0.047	25	218	1.00016	2.98	0.66	9.1	5	
8	0.36	0.39	1.6	0.024	26	93	0.99116	3.15	0.49	11.9	6	
6.1	0.16	0.24	1.4	0.046	17	77	0.99319	3.66	0.57	10.3	6	
9.2	0.19	0.42	2	0.047	16	104	0.99517	3.09	0.66	10	4	
9.2	0.16	0.49	2	0.044	18	107	0.99514	3.1	0.53	10.2	4	
8	0.26	0.28	8.2	0.038	72	202	0.99566	3.12	0.56	10	6	
8.8	0.33	0.36	2.1	0.034	19	125	0.99166	2.96	0.98	12.7	6	
9.8	0.16	0.46	1.8	0.046	23	130	0.99587	3.04	0.67	9.6	5	
6.6	0.23	0.18	8.5	0.044	59	188	0.99558	3.16	0.49	9.5	5	
7.9	0.44	0.26	4.45	0.033	23	100	0.99117	3.17	0.52	12.7	6	
7.6	0.31	0.27	5.8	0.036	23	109	0.99399	3.34	0.54	11	6	
7.5	0.705	0.1	13	0.044	44	214	0.99741	3.1	0.5	9.1	5	
7	0.16	0.26	7.3	0.047	30	220	0.99622	3.38	0.58	10.1	6	
8	0.27	0.25	19.1	0.045	50	208	1.00051	3.05	0.5	9.2	6	
6.3	0.38	0.17	8.8	0.08	50	212	0.99803	3.47	0.66	9.4	4	
6.2	0.38	0.18	7.4	0.095	28	195	0.99773	3.53	0.71	9.2	4	
8.2	0.24	0.3	2.3	0.05	23	106	0.99397	2.98	0.5	10	5	
7	0.16	0.26	6.85	0.047	30	220	0.99622	3.38	0.58	10.1	6	
7.3	0.815	0.09	11.4	0.044	45	204	0.99713	3.15	0.46	9	5	
6.3	0.41	0.16	0.9	0.032	25	98	0.99274	3.16	0.42	9.5	5	
6.1	0.36	0.41	19.35	0.07	67	207	1.00118	3.39	0.53	9.1	5	
8.1	0.4	0.32	7.9	0.031	23	118	0.99176	3.05	0.46	13.3	7	
6.2	0.44	0.18	7.7	0.096	28	210	0.99771	3.56	0.72	9.2	5	
7.2	0.24	0.29	3	0.036	17	117	0.99411	3.36	0.68	10.1	6	
6.2	0.44	0.18	7.7	0.096	28	210	0.99771	3.56	0.72	9.2	5	
7.2	0.24	0.29	3	0.036	17	117	0.99411	3.36	0.68	10.1	6	
7.3	0.22	0.26	1.5	0.04	32	172	0.99194	3.27	0.48	11.2	6	
8.1	0.34	0.28	7.5	0.04	70	230	0.99558	3.14	0.55	9.8	6	
7.3	0.22	0.26	1.5	0.04	32	172	0.99194	3.27	0.48	11.2	6	
8.1	0.34	0.28	7.5	0.04	70	230	0.99558	3.14	0.55	9.8	6	
6.4	0.28	0.17	8.3	0.042	61	195	0.99577	3.22	0.46	9.4	5	
6.3	0.29	0.14	7.05	0.045	50	177	0.99564	3.23	0.42	9	5	
6.4	0.27	0.17	8.4	0.044	60	198	0.99578	3.21	0.47	9.4	5	
7.4	0.35	0.2	13.9	0.054	63	229	0.99888	3.11	0.5	8.9	6	
8.3	0.28	0.27	17.5	0.045	48	253	1.00014	3.02	0.56	9.1	6	
6.4	0.35	0.35	5.6	0.034	9	148	0.99441	3.17	0.5	9.8	4	
6.9	0.43	0.28	9.4	0.056	29	183	0.99594	3.17	0.43	9.4	5	
8	0.26	0.28	4.8	0.05	34	150	0.99437	3.13	0.5	10	6	
6.9	0.43	0.28	9.4	0.056	29	183	0.99594	3.17	0.43	9.4	5	
6.8	0.46	0.26	6.3	0.147	49	159	0.99434	3.14	0.47	10	5	
7.2	0.2	0.28	1.6	0.028	13	168	0.99203	3.17	1.06	11.5	6	
6.6	0.32	0.33	2.5	0.052	40	219.5	0.99316	3.15	0.6	10	5	
6.6	0.34	0.34	2.6	0.051	40.5	210	0.99314	3.15	0.61	10	5	
6.6	0.32	0.33	2.5	0.052	40	210	0.99316	3.15	0.6	10	5	
6.5	0.27	0.26	8.2	0.042	21	133	0.99612	3.43	0.64	9.8	6	
6.6	0.26	0.27	1.5	0.04	19	114	0.99295	3.36	0.62	10.5	6	
6.7	0.27	0.26	2.3	0.043	61	181	0.99394	3.45	0.63	10.6	6	
6.6	0.56	0.15	10	0.037	38	157	0.99642	3.28	0.52	9.4	5	
6.6	0.56	0.15	10	0.037	38	157	0.99642	3.28	0.52	9.4	5	
7.3	0.19	0.27	1.6	0.027	35	136	0.99248	3.38	0.54	11	7	
6.3	0.2	0.26	1.6	0.027	36	141	0.99268	3.53	0.56	10.8	6	
7.1	0.29	0.3	16	0.036	58	201	0.99954	3.3	0.67	9	5	
7.8	0.32	0.33	10.4	0.031	47	194	0.99692	3.07	0.58	9.6	6	
8.1	0.33	0.36	7.4	0.037	36	156	0.99592	3.19	0.54	10.6	6	
8.1	0.33	0.36	7.4	0.037	36	156	0.99592	3.19	0.54	10.6	6	
7.8	0.32	0.33	10.4	0.031	47	194	0.99692	3.07	0.58	9.6	6	
6.6	0.33	0.24	16.05	0.045	31	147	0.99822	3.08	0.52	9.2	5	
6.6	0.33	0.24	16.05	0.045	31	147	0.99822	3.08	0.52	9.2	5	
8.2	0.26	0.33	2.6	0.053	11	71	0.99402	2.89	0.49	9.5	5	
8.3	0.25	0.33	2.5	0.053	12	72	0.99404	2.89	0.48	9.5	5	
7	0.26	0.26	10.8	0.039	37	184	0.99787	3.47	0.58	10.3	7	
6	0.26	0.15	1.2	0.053	35	124	0.99347	3.08	0.46	8.8	5	
7.5	0.28	0.78	12.1	0.041	53	161	0.99838	2.98	0.44	8.7	5	
7.5	0.27	0.79	11.95	0.04	51	159	0.99839	2.98	0.44	8.7	5	
7	0.28	0.32	1.7	0.038	27	128	0.99375	3.2	0.62	10.2	6	
7.6	0.25	0.34	1.3	0.056	34	176	0.99434	3.1	0.51	9.5	5	
8.8	0.24	0.23	10.3	0.032	12	97	0.99571	3.13	0.4	10.7	6	
6	0.29	0.21	15.55	0.043	20	142	0.99658	3.11	0.54	10.1	6	
6.1	0.27	0.31	1.5	0.035	17	83	0.99076	3.32	0.44	11.1	7	
7.4	0.56	0.09	1.5	0.071	19	117	0.99496	3.22	0.53	9.8	5	
6.1	0.27	0.31	1.5	0.035	17	83	0.99076	3.32	0.44	11.1	7	
6.3	0.27	0.37	7.9	0.047	58	215	0.99542	3.19	0.48	9.5	6	
6.6	0.24	0.3	13	0.052	18	143	0.99825	3.37	0.49	9.4	6	
6.8	0.32	0.3	1	0.049	22	113	0.99289	3.24	0.61	10.2	5	
6.4	0.37	0.37	4.85	0.041	39.5	216.5	0.99432	3.1	0.5	9.8	6	
6.2	0.26	0.37	7.1	0.047	54	201	0.99523	3.19	0.48	9.5	6	
6.3	0.27	0.37	7.9	0.047	58	215	0.99542	3.19	0.48	9.5	6	
8	0.28	0.32	7.6	0.045	61	204	0.99543	3.1	0.55	10.1	6	
6.7	0.24	0.32	10.3	0.079	37	122	0.99662	3.02	0.45	8.8	5	
7.9	0.27	0.27	1.7	0.034	25	122	0.99088	2.97	0.51	11.9	6	
7.9	0.27	0.27	1.7	0.034	25	122	0.99088	2.97	0.51	11.9	6	
6.1	0.28	0.24	19.95	0.074	32	174	0.99922	3.19	0.44	9.3	6	
6	0.2	0.24	5.3	0.075	49	201	0.99466	3.21	0.43	9.5	5	
6.1	0.28	0.24	19.95	0.074	32	174	0.99922	3.19	0.44	9.3	6	
7.6	0.31	0.23	12.7	0.054	20	139	0.99836	3.16	0.5	9.7	4	
7.6	0.31	0.23	12.7	0.054	20	139	0.99836	3.16	0.5	9.7	4	
6.3	0.18	0.22	1.5	0.043	45	155	0.99238	3.19	0.48	10.2	5	
8.6	0.23	0.25	11.3	0.031	13	96	0.99645	3.11	0.4	10.8	5	
6.9	0.26	0.31	7	0.039	37	175	0.99376	3.32	0.49	11.4	6	
6.4	0.31	0.4	6.4	0.039	39	191	0.99513	3.14	0.52	9.8	5	
8.6	0.34	0.36	1.4	0.045	11	119	0.99556	3.17	0.47	9.4	4	
8.6	0.34	0.36	1.4	0.045	11	119	0.99556	3.17	0.47	9.4	4	
8.5	0.3	0.28	3.1	0.054	54	174	0.99543	3.21	0.43	9.4	6	
7.4	0.4	0.41	14.1	0.053	37	194	0.99886	3.2	0.63	9.4	6	
6.6	0.32	0.34	7.7	0.044	63	212	0.99526	3.22	0.48	9.7	6	
7.1	0.34	0.31	5.2	0.032	36	140	0.99166	3.35	0.47	12.3	7	
6.6	0.26	0.25	11.6	0.045	45	178	0.99691	3.33	0.43	9.8	6	
8	0.27	0.57	10.4	0.053	18	134	0.99732	3.12	0.68	9	5	
6.2	0.28	0.45	7.5	0.045	46	203	0.99573	3.26	0.46	9.2	6	
6.2	0.3	0.49	11.2	0.058	68	215	0.99656	3.19	0.6	9.4	6	
5.6	0.175	0.29	0.8	0.043	20	67	0.99112	3.28	0.48	9.9	6	
6.9	0.34	0.36	1.4	0.032	13	145	0.99214	3.07	0.52	9.8	5	
7.1	0.12	0.3	3.1	0.018	15	37	0.99004	3.02	0.52	11.9	7	
7.1	0.32	0.29	4	0.038	33	170	0.99463	3.27	0.64	10.2	6	
7.3	0.51	0.29	11.3	0.034	61	224	0.99683	3.14	0.56	9.5	6	
7.1	0.12	0.3	3.1	0.018	15	37	0.99004	3.02	0.52	11.9	7	
6.3	0.24	0.55	8.1	0.04	67	216	0.99596	3.24	0.5	9.2	5	
7.5	0.41	0.23	14.8	0.054	28	174	0.99898	3.18	0.49	9.7	5	
6.5	0.18	0.33	1.4	0.029	35	138	0.99114	3.36	0.6	11.5	7	
7.3	0.17	0.24	8.1	0.121	32	162	0.99508	3.17	0.38	10.4	8	
8.2	0.2	0.38	3.5	0.053	41	174	0.99306	3.22	0.41	11.6	5	
7.5	0.41	0.23	14.8	0.054	28	174	0.99898	3.18	0.49	9.7	5	
7.3	0.17	0.24	8.1	0.121	32	162	0.99508	3.17	0.38	10.4	8	
6.5	0.18	0.33	1.4	0.029	35	138	0.99114	3.36	0.6	11.5	7	
7.3	0.16	0.35	1.5	0.036	29	108	0.99342	3.27	0.51	10.2	6	
6.6	0.42	0.13	12.8	0.044	26	158	0.99772	3.24	0.47	9	5	
5.8	0.3	0.12	1.6	0.036	57	163	0.99239	3.38	0.59	10.5	6	
6.7	0.54	0.27	7.1	0.049	8	178	0.99502	3.16	0.38	9.4	4	
6.7	0.54	0.27	7.1	0.049	8	178	0.99502	3.16	0.38	9.4	4	
6.4	0.22	0.3	11.2	0.046	53	149	0.99479	3.21	0.34	10.8	5	
6.8	0.23	0.3	1.7	0.043	19	95	0.99207	3.17	0.46	10.7	7	
9	0.26	0.34	6.7	0.029	21	162	0.99497	3.08	0.5	10.6	6	
6.5	0.23	0.25	17.3	0.046	15	110	0.99828	3.15	0.42	9.2	6	
5.9	0.28	0.14	8.6	0.032	30	142	0.99542	3.28	0.44	9.5	6	
5.9	0.28	0.14	8.6	0.032	30	142	0.99542	3.28	0.44	9.5	6	
6.2	0.27	0.18	1.5	0.028	20	111	0.99228	3.41	0.5	10	5	
9	0.29	0.34	12.1	0.03	34	177	0.99706	3.13	0.47	10.6	5	
9	0.26	0.34	6.7	0.029	21	162	0.99497	3.08	0.5	10.6	6	
8.9	0.27	0.34	10.7	0.029	19.5	166	0.99669	3.13	0.48	10.6	5	
6.5	0.23	0.25	17.3	0.046	15	110	0.99828	3.15	0.42	9.2	6	
6.9	0.32	0.3	1.8	0.036	28	117	0.99269	3.24	0.48	11	6	
7.2	0.22	0.24	1.4	0.041	17	159	0.99196	3.25	0.53	11.2	6	
6.7	0.5	0.38	7.5	0.046	26	175	0.99662	3.32	0.54	9.6	5	
6.3	0.26	0.42	7.1	0.045	62	209	0.99544	3.2	0.53	9.5	6	
7.5	0.2	0.47	16.9	0.052	51	188	0.99944	3.09	0.62	9.3	5	
6.3	0.26	0.42	7.1	0.045	62	209	0.99544	3.2	0.53	9.5	6	
6.3	0.13	0.42	1.1	0.043	63	146	0.99066	3.13	0.72	11.2	7	
6.3	0.13	0.42	1.1	0.043	63	146	0.99066	3.13	0.72	11.2	7	
6.3	0.13	0.42	1.1	0.043	63	146	0.99066	3.13	0.72	11.2	7	
5.7	0.255	0.65	1.2	0.079	17	137	0.99307	3.2	0.42	9.4	5	
6.9	0.32	0.26	2.3	0.03	11	103	0.99106	3.06	0.42	11.1	6	
6.9	0.28	0.22	10	0.052	36	131	0.99696	3.08	0.46	9.6	5	
6.9	0.32	0.26	2.3	0.03	11	103	0.99106	3.06	0.42	11.1	6	
5.7	0.255	0.65	1.2	0.079	17	137	0.99307	3.2	0.42	9.4	5	
6.6	0.41	0.16	1.4	0.037	28	160	0.99167	2.95	0.45	10.6	6	
7.3	0.37	0.16	14.9	0.048	59	240	0.99902	3.13	0.45	8.9	5	
6.9	0.21	0.24	1.8	0.021	17	80	0.98992	3.15	0.46	12.3	7	
6.6	0.24	0.28	1.8	0.028	39	132	0.99182	3.34	0.46	11.4	5	
6.8	0.28	0.36	7	0.043	60	207	0.99556	3.16	0.49	9.6	6	
6.6	0.24	0.24	8.6	0.034	25	135	0.99582	3.33	0.59	10.3	6	
6.6	0.24	0.28	1.8	0.028	39	132	0.99182	3.34	0.46	11.4	5	
7	0.16	0.32	1.1	0.032	29	80	0.98972	3.23	0.36	12.1	6	
7	0.14	0.28	1.3	0.026	10	56	0.99352	3.46	0.45	9.9	5	
6.8	0.26	0.24	1.9	0.043	70	154	0.99273	3.18	0.52	10.5	5	
6.7	0.17	0.42	10.4	0.038	85	182	0.99628	3.04	0.44	8.9	6	
6.5	0.27	0.4	10	0.039	74	227	0.99582	3.18	0.5	9.4	5	
6.7	0.25	0.36	8.6	0.037	63	206	0.99553	3.18	0.5	9.6	5	
5.8	0.3	0.27	1.7	0.014	45	104	0.98914	3.4	0.56	12.6	7	
6.4	0.28	0.56	1.7	0.156	49	106	0.99354	3.1	0.37	9.2	6	
7.7	0.3	0.26	18.95	0.053	36	174	0.99976	3.2	0.5	10.4	5	
6.8	0.18	0.3	12.8	0.062	19	171	0.99808	3	0.52	9	7	
6.8	0.18	0.3	12.8	0.062	19	171	0.99808	3	0.52	9	7	
6.8	0.18	0.3	12.8	0.062	19	171	0.99808	3	0.52	9	7	
6.8	0.18	0.3	12.8	0.062	19	171	0.99808	3	0.52	9	7	
6.8	0.18	0.3	12.8	0.062	19	171	0.99808	3	0.52	9	7	
6.8	0.18	0.3	12.8	0.062	19	171	0.99808	3	0.52	9	7	
6.8	0.18	0.3	12.8	0.062	19	171	0.99808	3	0.52	9	7	
7.2	0.615	0.1	1.4	0.068	25	154	0.99499	3.2	0.48	9.7	4	
6.7	0.34	0.3	8.5	0.059	24	152	0.99615	3.46	0.64	11	7	
7.3	0.32	0.29	1.5	0.038	32	144	0.99296	3.2	0.55	10.8	5	
6.3	0.21	0.29	11.7	0.048	49	147	0.99482	3.22	0.38	10.8	5	
7.8	0.28	0.31	2.1	0.046	28	208	0.99434	3.23	0.64	9.8	5	
7.8	0.28	0.31	2.1	0.046	28	208	0.99434	3.23	0.64	9.8	5	
8.9	0.26	0.33	8.1	0.024	47	202	0.99558	3.13	0.46	10.8	6	
6.3	0.27	0.46	11.1	0.053	44	177	0.99691	3.18	0.67	9.4	5	
6.6	0.36	0.52	10.1	0.05	29	140	0.99628	3.07	0.4	9.4	5	
6.15	0.21	0.37	3.2	0.021	20	80	0.99076	3.39	0.47	12	5	
6.6	0.35	0.35	6	0.063	31	150	0.99537	3.1	0.47	9.4	6	
6.6	0.36	0.52	10.1	0.05	29	140	0.99628	3.07	0.4	9.4	5	
6.15	0.21	0.37	3.2	0.021	20	80	0.99076	3.39	0.47	12	5	
8	0.24	0.26	1.7	0.033	36	136	0.99316	3.44	0.51	10.4	7	
7.8	0.17	0.23	1.7	0.029	39	128	0.99272	3.37	0.41	10.7	7	
5.9	0.445	0.26	1.4	0.027	23	109	0.99148	3.3	0.36	10.5	6	
7.2	0.24	0.27	11.4	0.034	40	174	0.99773	3.2	0.44	9	5	
7.2	0.24	0.27	11.4	0.034	40	174	0.99773	3.2	0.44	9	5	
7.5	0.13	0.38	1.1	0.023	42	104	0.99112	3.28	0.53	11.8	6	
6.1	0.15	0.35	15.8	0.042	55	158	0.99642	3.24	0.37	10.6	5	
7.15	0.17	0.24	9.6	0.119	56	178	0.99578	3.15	0.44	10.2	6	
6.7	0.12	0.3	5.2	0.048	38	113	0.99352	3.33	0.44	10.1	7	
5.7	0.18	0.36	1.2	0.046	9	71	0.99199	3.7	0.68	10.9	7	
6.6	0.23	0.29	14.45	0.057	29	144	0.99756	3.33	0.54	10.2	6	
7.15	0.17	0.24	9.6	0.119	56	178	0.99578	3.15	0.44	10.2	6	
6.4	0.68	0.26	3.4	0.069	25	146	0.99347	3.18	0.4	9.3	5	
6.45	0.14	0.42	1.2	0.05	51	129	0.99116	3.27	0.69	11.1	7	
6.7	0.33	0.34	6.6	0.067	35	156	0.99542	3.11	0.48	9.3	6	
7.2	0.3	0.26	1.5	0.041	46	178	0.99154	3.19	0.56	11.3	6	
6.6	0.12	0.25	1.4	0.039	21	131	0.99114	3.2	0.45	11.2	7	
7.6	0.18	0.28	7.1	0.041	29	110	0.99652	3.2	0.42	9.2	6	
7.2	0.19	0.27	11.2	0.061	46	149	0.99772	2.99	0.59	9.3	6	
6.6	0.24	0.38	8	0.042	56	187	0.99577	3.21	0.46	9.2	5	
7.2	0.19	0.27	11.2	0.061	46	149	0.99772	2.99	0.59	9.3	6	
7.6	0.18	0.28	7.1	0.041	29	110	0.99652	3.2	0.42	9.2	6	
6.7	0.23	0.25	1.6	0.036	28	143	0.99256	3.3	0.54	10.3	6	
7.8	0.25	0.34	13.7	0.044	66	184	0.99976	3.22	0.75	8.9	5	
7.8	0.25	0.34	13.7	0.044	66	184	0.99976	3.22	0.75	8.9	5	
5.6	0.2	0.22	1.3	0.049	25	155	0.99296	3.74	0.43	10	5	
7.8	0.25	0.34	13.7	0.044	66	184	0.99976	3.22	0.75	8.9	5	
6.8	0.16	0.29	10.4	0.046	59	143	0.99518	3.2	0.4	10.8	6	
5.2	0.28	0.29	1.1	0.028	18	69	0.99168	3.24	0.54	10	6	
7.7	0.16	0.36	5.9	0.054	25	148	0.99578	3.25	0.54	10.2	6	
6	0.26	0.15	1.3	0.06	51	154	0.99354	3.14	0.51	8.7	5	
7.3	0.32	0.35	1.4	0.05	8	163	0.99244	3.24	0.42	10.7	5	
7.7	0.3	0.34	1.2	0.048	4	119	0.99084	3.18	0.34	12.1	6	
7.9	0.16	0.3	7.4	0.05	58	152	0.99612	3.12	0.37	9.5	6	
7.9	0.16	0.3	7.4	0.05	58	152	0.99612	3.12	0.37	9.5	6	
7.7	0.3	0.34	1.2	0.048	4	119	0.99084	3.18	0.34	12.1	6	
7.3	0.32	0.35	1.4	0.05	8	163	0.99244	3.24	0.42	10.7	5	
7	0.36	0.32	10.05	0.045	37	131	0.99352	3.09	0.33	11.7	8	
7	0.36	0.32	10.05	0.045	37	131	0.99352	3.09	0.33	11.7	8	
7.1	0.2	0.31	6.85	0.053	32	211	0.99587	3.31	0.59	10.4	6	
7.1	0.2	0.31	7.4	0.053	32	211	0.99587	3.31	0.59	10.4	6	
7.1	0.2	0.31	7.4	0.053	32	211	0.99587	3.31	0.59	10.4	6	
6.4	0.24	0.25	20.2	0.083	35	157	0.99976	3.17	0.5	9.1	5	
8	0.3	0.36	11	0.034	8	70	0.99354	3.05	0.41	12.2	6	
6.4	0.24	0.25	20.2	0.083	35	157	0.99976	3.17	0.5	9.1	5	
7.1	0.2	0.31	6.85	0.053	32	211	0.99587	3.31	0.59	10.4	6	
5.5	0.15	0.32	14	0.031	16	99	0.99437	3.26	0.38	11.5	8	
7.3	0.2	0.26	1.6	0.04	36	123	0.99238	3.34	0.44	10.8	6	
7.5	0.18	0.72	9.6	0.039	53	151	0.99802	3.03	0.46	8.9	5	
7	0.27	0.48	6.1	0.042	60	184	0.99566	3.2	0.5	9.4	6	
7.8	0.26	0.31	3.6	0.025	22	100	0.99066	2.99	0.47	12.1	7	
6.6	0.36	0.24	0.9	0.038	15	72	0.99066	3.23	0.39	11	5	
7.2	0.17	0.41	1.6	0.052	24	126	0.99228	3.19	0.49	10.8	5	
6.5	0.2	0.24	9.2	0.044	25	150	0.99502	3.22	0.44	10.5	5	
7.6	0.27	0.34	5	0.04	18	56	0.99084	3.06	0.48	12.4	6	
7.2	0.26	0.4	6.3	0.047	52	172	0.99573	3.18	0.53	9.5	6	
6.3	0.25	0.22	3.3	0.048	41	161	0.99256	3.16	0.5	10.5	6	
6.4	0.14	0.31	1.2	0.034	53	138	0.99084	3.38	0.35	11.5	7	
6.4	0.14	0.31	1.2	0.034	53	138	0.99084	3.38	0.35	11.5	7	
7.1	0.26	0.32	16.2	0.044	31	170	0.99644	3.17	0.37	11.2	5	
6.6	0.22	0.34	11.6	0.05	59	140	0.99526	3.22	0.4	10.8	5	
6.3	0.25	0.22	3.3	0.048	41	161	0.99256	3.16	0.5	10.5	6	
5.9	0.2	0.4	1.3	0.047	23	92	0.99232	3.2	0.45	10	6	
5.9	0.22	0.38	1.3	0.046	24	90	0.99232	3.2	0.47	10	6	
5.8	0.2	0.34	1	0.035	40	86	0.98993	3.5	0.42	11.7	5	
6.7	0.24	0.29	14.9	0.053	55	136	0.99839	3.03	0.52	9	5	
6.7	0.48	0.32	1.4	0.021	22	121	0.9889	3.15	0.53	12.7	7	
6	0.17	0.29	5	0.028	25	108	0.99076	3.14	0.34	12.3	6	
6.7	0.48	0.32	1.4	0.021	22	121	0.9889	3.15	0.53	12.7	7	
6.5	0.15	0.55	5.9	0.045	75	162	0.99482	2.97	0.4	9.3	5	
7.9	0.25	0.35	6.7	0.039	22	64	0.99362	2.93	0.49	10.7	5	
6.4	0.2	0.28	2.5	0.032	24	84	0.99168	3.31	0.55	11.5	5	
7	0.31	0.39	7.5	0.055	42	218	0.99652	3.37	0.54	10.3	5	
6.2	0.21	0.26	13.1	0.05	59	150	0.99772	3.31	0.46	9	5	
6.5	0.22	0.32	2.2	0.028	36	92	0.99076	3.27	0.59	11.9	7	
6.2	0.36	0.14	8.9	0.036	38	155	0.99622	3.27	0.5	9.4	5	
6.4	0.25	0.32	0.9	0.034	40	114	0.99114	3.31	0.58	10.8	7	
6.6	0.26	0.46	6.9	0.047	59	183	0.99594	3.2	0.45	9.3	5	
6.1	0.37	0.2	7.6	0.031	49	170	0.99558	3.22	0.48	9.5	5	
6.2	0.36	0.14	8.9	0.036	38	155	0.99622	3.27	0.5	9.4	5	
6.5	0.22	0.32	2.2	0.028	36	92	0.99076	3.27	0.59	11.9	7	
6.4	0.25	0.32	11.3	0.038	69	192	0.99573	3.14	0.5	10.2	6	
7.1	0.27	0.28	1.25	0.023	3	89	0.98993	2.95	0.3	11.4	4	
7	0.12	0.29	10.3	0.039	41	98	0.99564	3.19	0.38	9.8	8	
7	0.12	0.29	10.3	0.039	41	98	0.99564	3.19	0.38	9.8	8	
7.1	0.29	0.34	7.8	0.036	49	128	0.99397	3.21	0.4	10.7	6	
7	0.12	0.29	10.3	0.039	41	98	0.99564	3.19	0.38	9.8	8	
7.1	0.29	0.34	7.8	0.036	49	128	0.99397	3.21	0.4	10.7	6	
6.8	0.26	0.48	6.2	0.049	55	182	0.99582	3.21	0.45	9.4	6	
7.2	0.2	0.22	1.6	0.044	17	101	0.99471	3.37	0.53	10	5	
7.2	0.2	0.22	1.6	0.044	17	101	0.99471	3.37	0.53	10	5	
5.8	0.19	0.24	1.3	0.044	38	128	0.99362	3.77	0.6	10.6	5	
6.3	0.22	0.22	5.6	0.039	31	128	0.99296	3.12	0.46	10.4	6	
7	0.2	0.31	8	0.05	29	213	0.99596	3.28	0.57	10.4	6	
6.2	0.16	0.32	1.1	0.036	74	184	0.99096	3.22	0.41	11	6	
6.2	0.16	0.32	1.1	0.036	74	184	0.99096	3.22	0.41	11	6	
7.2	0.32	0.3	8.25	0.02	14	104	0.99362	2.99	0.44	11.4	6	
6.8	0.22	0.31	6.9	0.037	33	121	0.99176	3.02	0.39	11.9	8	
7.2	0.32	0.3	8.25	0.02	14	104	0.99362	2.99	0.44	11.4	6	
7.4	0.32	0.22	11.7	0.035	44	150	0.99578	3.1	0.45	10.4	5	
7.1	0.47	0.29	14.8	0.024	22	142	0.99518	3.12	0.48	12	8	
7.1	0.47	0.29	14.8	0.024	22	142	0.99518	3.12	0.48	12	8	
6.8	0.24	0.38	8.3	0.045	50	185	0.99578	3.15	0.5	9.5	6	
6.3	0.27	0.29	12.2	0.044	59	196	0.99782	3.14	0.4	8.8	6	
6.2	0.25	0.38	7.9	0.045	54	208	0.99572	3.17	0.46	9.1	5	
6.5	0.36	0.38	10.2	0.028	20	82	0.99274	3.1	0.43	12.1	7	
6.4	0.15	0.4	1.5	0.042	23	87	0.98972	3.11	0.46	12.2	7	
6.2	0.25	0.38	7.9	0.045	54	208	0.99572	3.17	0.46	9.1	5	
6.3	0.28	0.47	11.2	0.04	61	183	0.99592	3.12	0.51	9.5	6	
6.7	0.14	0.51	4.3	0.028	57	124	0.99176	2.91	0.54	10.7	7	
7	0.26	0.34	10.9	0.038	25	84	0.99432	3.11	0.34	10.9	6	
6.9	0.3	0.36	4.5	0.054	31	203	0.99513	3.4	0.57	10.4	4	
6.5	0.24	0.39	17.3	0.052	22	126	0.99888	3.11	0.47	9.2	6	
6.3	0.17	0.32	4.2	0.04	37	117	0.99182	3.24	0.43	11.3	6	
6.3	0.17	0.32	4.2	0.04	37	117	0.99182	3.24	0.43	11.3	6	
5.9	0.19	0.37	0.8	0.027	3	21	0.9897	3.09	0.31	10.8	5	
6.5	0.24	0.39	17.3	0.052	22	126	0.99888	3.11	0.47	9.2	6	
7.4	0.23	0.38	8.6	0.052	41	150	0.99534	3.06	0.46	10.3	5	
7.6	0.3	0.38	2.1	0.043	10	98	0.99296	3.17	0.65	11	5	
6.1	0.21	0.38	1.5	0.039	37	122	0.98972	3.2	0.43	12	6	
6.3	0.17	0.32	4.2	0.04	37	117	0.99182	3.24	0.43	11.3	6	
6.2	0.19	0.29	4.3	0.045	33	126	0.99658	3.18	0.42	9.3	6	
7.6	0.25	1.23	4.6	0.035	51	294	0.99018	3.03	0.43	13.1	6	
6.8	0.39	0.34	7.4	0.02	38	133	0.99212	3.18	0.44	12	7	
6.8	0.39	0.34	7.4	0.02	38	133	0.99212	3.18	0.44	12	7	
6.8	0.39	0.34	7.4	0.02	38	133	0.99212	3.18	0.44	12	7	
5.2	0.34	0.37	6.2	0.031	42	133	0.99076	3.25	0.41	12.5	6	
8.5	0.2	0.4	1.1	0.046	31	106	0.99194	3	0.35	10.5	4	
8.3	0.16	0.37	7.9	0.025	38	107	0.99306	2.93	0.37	11.9	6	
6.5	0.21	0.4	7.3	0.041	49	115	0.99268	3.21	0.43	11	6	
6.6	0.19	0.33	1.8	0.035	42	148	0.99196	3.15	0.36	10.2	5	
8.3	0.16	0.37	7.9	0.025	38	107	0.99306	2.93	0.37	11.9	6	
6.8	0.21	0.4	6.3	0.032	40	121	0.99214	3.18	0.53	12	7	
5.2	0.31	0.36	5.1	0.031	46	145	0.9897	3.14	0.31	12.4	7	
6.8	0.28	0.34	7.5	0.035	34	177	0.99692	3.33	0.43	9.1	5	
6.8	0.25	0.24	1.6	0.045	39	164	0.99402	3.53	0.58	10.8	5	
6.8	0.27	0.42	7.3	0.054	58	200	0.99556	3.12	0.49	9.4	6	
7.7	0.27	0.49	3.8	0.037	46	139	0.99116	3.04	0.38	11.6	6	
7.6	0.19	0.32	18.75	0.047	32	193	1.00014	3.1	0.5	9.3	7	
6.4	0.15	0.29	1.8	0.044	21	115	0.99166	3.1	0.38	10.2	5	
6.4	0.15	0.29	1.8	0.044	21	115	0.99166	3.1	0.38	10.2	5	
6.6	0.2	0.14	4.4	0.184	35	168	0.99396	2.93	0.45	9.4	6	
8	0.34	0.25	6.4	0.035	38	103	0.99148	2.91	0.23	12.2	6	
6.6	0.2	0.14	4.4	0.184	35	168	0.99396	2.93	0.45	9.4	6	
6.6	0.28	0.41	7	0.046	59	194	0.99558	3.14	0.48	9.4	5	
6.6	0.28	0.41	7	0.046	59	194	0.99558	3.14	0.48	9.4	5	
6.5	0.25	0.5	7.6	0.047	54	184	0.99572	3.17	0.45	9.2	5	
5.1	0.21	0.28	1.4	0.047	48	148	0.99168	3.5	0.49	10.4	5	
6.5	0.26	0.32	6.65	0.059	34	104	0.99254	3.18	0.42	11.1	5	
6.9	0.36	0.28	13.55	0.048	51	189	0.99782	3	0.6	9.5	7	
6.6	0.16	0.21	6.7	0.055	43	157	0.99384	3.15	0.52	10.8	6	
6.4	0.17	0.27	9.9	0.047	26	101	0.99596	3.34	0.5	9.9	6	
5.9	0.2	0.28	12.8	0.038	29	132	0.99426	3.31	0.57	11.8	7	
5.3	0.32	0.23	9.65	0.026	26	119	0.99168	3.18	0.53	12.2	6	
6.8	0.2	0.28	12.6	0.048	54	136	0.99556	3.19	0.37	10.7	6	
6.4	0.17	0.27	9.9	0.047	26	101	0.99596	3.34	0.5	9.9	6	
7.6	0.2	0.26	4.8	0.033	26	76	0.99076	2.98	0.49	12.3	7	
6.6	0.18	0.28	1.7	0.041	53	161	0.99207	3.13	0.45	10.2	6	
6.6	0.18	0.28	1.7	0.041	53	161	0.99207	3.13	0.45	10.2	6	
6.4	0.22	0.32	4.9	0.046	50	156	0.99316	3.38	0.55	11.2	6	
5.6	0.32	0.33	7.4	0.037	25	95	0.99268	3.25	0.49	11.1	6	
5.6	0.32	0.33	7.4	0.037	25	95	0.99268	3.25	0.49	11.1	6	
7.1	0.32	0.3	9.9	0.041	63	192	0.99642	3.12	0.49	10.2	6	
6.7	0.21	0.48	14.8	0.05	31	195	0.99942	2.95	0.75	8.8	6	
5.8	0.24	0.26	10.05	0.039	63	162	0.99375	3.33	0.5	11.2	6	
6.6	0.21	0.29	5.35	0.029	43	106	0.99112	2.93	0.43	11.5	7	
6.6	0.21	0.29	5.35	0.029	43	106	0.99112	2.93	0.43	11.5	7	
6	0.39	0.13	1.2	0.042	60	172	0.99114	3.06	0.52	10.6	5	
6.2	0.3	0.31	1.6	0.035	40	106	0.98914	3.26	0.39	12.9	7	
6.9	0.29	0.41	7.8	0.046	52	171	0.99537	3.12	0.51	9.6	5	
6.5	0.22	0.19	1.1	0.064	36	191	0.99297	3.05	0.5	9.5	6	
6.5	0.22	0.19	1.1	0.064	36	191	0.99297	3.05	0.5	9.5	6	
7.8	0.2	0.2	1.4	0.036	25	83	0.99088	3.03	0.46	11.7	6	
6.7	0.28	0.31	7.4	0.041	7	81	0.99254	3.04	0.47	11.4	8	
6.4	0.3	0.36	2	0.052	18	141	0.99273	3.38	0.53	10.5	6	
7	0.22	0.24	11	0.041	75	167	0.99508	2.98	0.56	10.5	6	
6	0.23	0.15	9.7	0.048	101	207	0.99571	3.05	0.3	9.1	5	
6.6	0.32	0.41	7.2	0.048	55	178	0.99537	3.2	0.46	9.4	5	
6	0.23	0.15	9.7	0.048	101	207	0.99571	3.05	0.3	9.1	5	
8.1	0.26	0.27	4.3	0.03	43	123	0.99212	3.16	0.33	11.2	6	
5.8	0.14	0.15	6.1	0.042	27	123	0.99362	3.06	0.6	9.9	6	
7.8	0.15	0.34	1.1	0.035	31	93	0.99096	3.07	0.72	11.3	7	
8.1	0.17	0.21	1.6	0.036	24	119	0.99396	3.18	0.52	10.1	6	
7.4	0.25	0.28	7.25	0.028	14	78	0.99238	2.94	0.37	11.5	7	
7.5	0.3	0.21	6.55	0.026	33	143	0.99244	2.92	0.35	11.1	5	
7.2	0.26	0.24	7	0.023	19	130	0.99176	3.14	0.49	12.8	7	
6.3	0.32	0.32	1.5	0.037	12	76	0.98993	3.3	0.46	12.3	6	
7.4	0.25	0.28	7.25	0.028	14	78	0.99238	2.94	0.37	11.5	7	
6.8	0.19	0.71	17.5	0.042	21	114	0.99784	2.85	0.5	9.5	6	
6.8	0.19	0.71	17.5	0.042	21	114	0.99784	2.85	0.5	9.5	6	
6.8	0.19	0.71	17.5	0.042	21	114	0.99784	2.85	0.5	9.5	6	
6.6	0.39	0.38	9.7	0.053	49	226	0.99787	3.3	0.57	9.4	6	
6.7	0.35	0.48	8.8	0.056	35	167	0.99628	3.04	0.47	9.4	5	
6.7	0.35	0.48	8.8	0.056	35	167	0.99628	3.04	0.47	9.4	5	
7.2	0.24	0.3	1.2	0.037	11	95	0.98914	2.96	0.36	12.5	6	
7.2	0.24	0.3	1.2	0.037	11	95	0.98914	2.96	0.36	12.5	6	
6.6	0.3	0.25	8	0.036	21	124	0.99362	3.06	0.38	10.8	6	
6.6	0.3	0.25	8	0.036	21	124	0.99362	3.06	0.38	10.8	6	
6.6	0.3	0.25	8	0.036	21	124	0.99362	3.06	0.38	10.8	6	
8.7	0.3	0.34	4.8	0.018	23	127	0.99474	3.12	0.49	11.2	7	
7.2	0.33	0.22	4.5	0.031	10	73	0.99076	2.97	0.52	12.2	7	
7.3	0.31	0.25	6.65	0.032	30	138	0.99244	2.9	0.37	11.1	5	
6.6	0.085	0.33	1.4	0.036	17	109	0.99306	3.27	0.61	9.5	6	
6.1	0.6	0.12	1.8	0.05	11	76	0.99268	3.42	0.48	10.4	4	
6.8	0.21	0.26	11.7	0.038	61	152	0.99523	3.02	0.56	10.5	7	
6.5	0.27	0.26	11	0.03	2	82	0.99402	3.07	0.36	11.2	5	
7	0.22	0.26	9.2	0.027	37	122	0.99228	3.06	0.34	12.5	8	
7.6	0.3	0.37	1.6	0.087	27	177	0.99438	3.09	0.5	9.8	5	
6	0.16	0.27	12	0.03	39	98	0.99402	3.15	0.34	10.8	5	
7	0.22	0.26	9.2	0.027	37	122	0.99228	3.06	0.34	12.5	8	
6.4	0.15	0.4	1.3	0.053	61	146	0.99112	3.17	0.68	11	6	
7.6	0.3	0.37	1.6	0.087	27	177	0.99438	3.09	0.5	9.8	5	
8.5	0.18	0.3	1.1	0.028	34	95	0.99272	2.83	0.36	10	4	
7.7	0.3	0.23	2	0.068	28	138	0.99382	3.11	0.62	9.8	5	
7.7	0.31	0.23	2	0.069	29	134	0.99382	3.11	0.62	9.8	5	
6.6	0.26	0.28	9.4	0.028	13	121	0.99254	3.17	0.34	12.1	6	
7	0.34	0.26	10.3	0.041	51	166	0.99382	3.08	0.35	11.6	6	
6.2	0.24	0.25	12.5	0.055	47	134	0.99758	3.3	0.51	9	5	
5.5	0.17	0.23	2.9	0.039	10	108	0.99243	3.28	0.5	10	5	
5.5	0.17	0.23	2.9	0.039	10	108	0.99243	3.28	0.5	10	5	
7.4	0.2	0.35	6.1	0.025	10	40	0.99244	2.79	0.52	10.9	5	
6.7	0.39	0.24	2.7	0.017	22	80	0.99084	3.03	0.37	11.5	5	
7.4	0.29	0.48	12.8	0.037	61.5	182	0.99808	3.02	0.34	8.8	5	
6.8	0.25	0.3	11.8	0.043	53	133	0.99524	3.03	0.58	10.4	6	
7.9	0.21	0.39	2	0.057	21	138	0.99176	3.05	0.52	10.9	5	
7	0.3	0.28	2.2	0.042	21	177	0.99166	3.2	0.57	11.4	5	
7.9	0.21	0.39	2	0.057	21	138	0.99176	3.05	0.52	10.9	5	
7.9	0.21	0.39	2	0.057	21	138	0.99176	3.05	0.52	10.9	5	
7	0.3	0.28	2.2	0.042	21	177	0.99166	3.2	0.57	11.4	5	
7	0.33	0.28	5.7	0.033	39	204	0.99176	3.17	0.64	12.5	6	
6.7	0.26	0.49	8.1	0.052	48	197	0.99558	3.19	0.48	9.5	5	
4.8	0.26	0.23	10.6	0.034	23	111	0.99274	3.46	0.28	11.5	7	
7.5	0.34	0.28	4	0.028	46	100	0.98958	3.2	0.5	13.2	7	
7.1	0.39	0.79	1.4	0.194	23	90	0.99212	3.17	0.46	10.5	6	
8.2	0.31	0.43	7	0.047	18	87	0.99628	3.23	0.64	10.6	5	
7.3	0.25	0.26	7.2	0.048	52	207	0.99587	3.12	0.37	9.2	5	
7.3	0.25	0.26	7.2	0.048	52	207	0.99587	3.12	0.37	9.2	5	
6.6	0.39	0.22	4	0.038	17	98	0.99018	3.25	0.53	13	7	
7.3	0.25	0.26	7.2	0.048	52	207	0.99587	3.12	0.37	9.2	5	
6.1	0.23	0.27	9.8	0.055	74	134	0.99534	3.16	0.4	10.2	6	
6.5	0.35	0.31	10.2	0.069	58	170	0.99692	3.18	0.49	9.4	5	
7.2	0.24	0.36	2	0.029	21	63	0.99076	3.13	0.63	12.5	6	
7.2	0.24	0.36	2	0.029	21	63	0.99076	3.13	0.63	12.5	6	
6.7	0.26	0.29	7.7	0.038	40	179	0.99479	3.23	0.56	10.4	6	
8.5	0.23	0.34	1.3	0.035	54	110	0.99176	3.07	0.55	11	7	
7.2	0.25	0.32	1.5	0.054	24	105	0.99154	3.17	0.48	11.1	6	
8.6	0.22	0.33	1.2	0.031	38	95	0.99239	2.83	0.31	10.3	5	
6.9	0.14	0.29	9.9	0.056	30	91	0.99512	3.19	0.33	9.9	6	
7	0.46	0.2	16.7	0.046	50	184	0.99898	3.08	0.56	9.4	5	
7.2	0.23	0.39	1.5	0.053	26	106	0.99166	3.18	0.47	11.1	6	
5.4	0.24	0.18	2.3	0.05	22	145	0.99207	3.24	0.46	10.3	5	
5.6	0.185	0.19	7.1	0.048	36	110	0.99438	3.26	0.41	9.5	6	
5.6	0.185	0.19	7.1	0.048	36	110	0.99438	3.26	0.41	9.5	6	
6.6	0.43	0.24	11.9	0.04	54	159	0.99622	3.14	0.54	9.8	6	
7.6	0.39	0.46	11.7	0.084	55	170	0.99773	2.91	0.51	9	5	
7.2	0.58	0.27	5.8	0.032	40	118	0.99088	3.17	0.53	13	7	
7.5	0.35	0.48	12.4	0.056	61	176.5	0.99803	2.97	0.52	8.8	5	
5.4	0.185	0.19	7.1	0.048	36	110	0.99438	3.26	0.41	9.5	6	
6.7	0.18	0.31	10.6	0.035	42	143	0.99572	3.08	0.49	9.8	7	
6.8	0.37	0.67	1.5	0.175	16	98	0.99244	3.06	0.56	10.3	6	
6.9	0.27	0.25	7.5	0.03	18	117	0.99116	3.09	0.38	13	6	
6.7	0.19	0.32	3.7	0.041	26	76	0.99173	2.9	0.57	10.5	7	
6.4	0.25	0.57	1	0.062	21	122	0.99238	3	0.4	9.5	5	
6.1	0.25	0.48	15.8	0.052	25	94	0.99782	3.07	0.45	9.2	6	
6.4	0.25	0.57	1	0.062	21	122	0.99238	3	0.4	9.5	5	
6.1	0.25	0.48	15.8	0.052	25	94	0.99782	3.07	0.45	9.2	6	
5.9	0.23	0.24	1.6	0.037	32	115	0.99076	3.21	0.51	11.4	6	
6.1	0.28	0.3	7.75	0.031	33	139	0.99296	3.22	0.46	11	6	
6.4	0.2	0.22	7.4	0.032	53	172	0.99404	3.24	0.58	11	6	
6.8	0.3	0.27	11.6	0.028	22	97	0.99314	2.96	0.38	11.7	6	
6.8	0.3	0.27	11.6	0.028	22	97	0.99314	2.96	0.38	11.7	6	
6.4	0.41	0.01	6.1	0.048	20	70	0.99362	3.19	0.42	10	5	
6.4	0.41	0.01	6.1	0.048	20	70	0.99362	3.19	0.42	10	5	
7.4	0.36	0.32	1.9	0.036	27	119	0.99196	3.15	0.49	11.2	6	
7.5	0.16	0.38	12.7	0.043	70.5	163	0.99706	3.15	0.82	10.4	7	
5.7	0.25	0.26	12.5	0.049	52.5	120	0.99691	3.08	0.45	9.4	6	
5.4	0.265	0.28	7.8	0.052	27	91	0.99432	3.19	0.38	10.4	6	
5.7	0.25	0.27	10.8	0.05	58	116	0.99592	3.1	0.5	9.8	6	
5.7	0.25	0.26	12.5	0.049	52.5	106	0.99691	3.08	0.45	9.4	6	
5.9	0.23	0.28	8.6	0.046	37	142	0.99432	3.23	0.53	10.6	6	
7.3	0.25	0.27	3.8	0.047	16	79	0.99173	3.07	0.46	11.3	6	
6.4	0.5	0.2	2.4	0.059	19	112	0.99314	3.18	0.4	9.2	6	
8	0.25	0.35	1.1	0.054	13	136	0.99366	3.08	0.55	9.5	5	
6.4	0.5	0.2	2.4	0.059	19	112	0.99314	3.18	0.4	9.2	6	
5	0.255	0.22	2.7	0.043	46	153	0.99238	3.75	0.76	11.3	6	
6	0.2	0.25	2	0.041	30	95	0.99078	3.27	0.56	11.1	6	
6.3	0.17	0.23	5.7	0.048	44	147	0.99382	3.08	0.54	10	5	
6.3	0.18	0.22	5.6	0.047	45	147	0.99383	3.09	0.54	10	5	
5.7	0.25	0.27	11.5	0.04	24	120	0.99411	3.33	0.31	10.8	6	
6.8	0.28	0.29	11.9	0.052	51	149	0.99544	3.02	0.58	10.4	6	
6.8	0.28	0.29	11.9	0.052	51	149	0.99544	3.02	0.58	10.4	6	
6.8	0.28	0.29	11.9	0.052	51	149	0.99544	3.02	0.58	10.4	6	
7.4	0.16	0.3	13.7	0.056	33	168	0.99825	2.9	0.44	8.7	7	
7.4	0.16	0.3	13.7	0.056	33	168	0.99825	2.9	0.44	8.7	7	
7.4	0.16	0.3	13.7	0.056	33	168	0.99825	2.9	0.44	8.7	7	
7.4	0.16	0.3	13.7	0.056	33	168	0.99825	2.9	0.44	8.7	7	
7.4	0.16	0.3	13.7	0.056	33	168	0.99825	2.9	0.44	8.7	7	
7.4	0.16	0.3	13.7	0.056	33	168	0.99825	2.9	0.44	8.7	7	
7.4	0.16	0.3	13.7	0.056	33	168	0.99825	2.9	0.44	8.7	7	
6.5	0.31	0.61	13	0.053	31	123	0.99708	3.09	0.5	9.3	6	
7.5	0.38	0.56	9.7	0.055	15	170	0.99605	3.13	0.65	9.9	6	
8.1	0.27	0.33	1.3	0.045	26	100	0.99066	2.98	0.44	12.4	6	
8.1	0.27	0.33	1.3	0.045	26	100	0.99066	2.98	0.44	12.4	6	
6.9	0.26	0.38	10.5	0.044	33	139	0.99517	3.06	0.5	10.3	6	
6.6	0.23	0.32	1.7	0.024	26	102	0.99084	3.29	0.6	11.8	6	
6.3	0.28	0.34	8.1	0.038	44	129	0.99248	3.26	0.29	12.1	6	
5.3	0.43	0.11	1.1	0.029	6	51	0.99076	3.51	0.48	11.2	4	
6.2	0.345	0.27	10.1	0.056	38	187	0.99486	3.31	0.56	10.6	5	
5.2	0.2	0.27	3.2	0.047	16	93	0.99235	3.44	0.53	10.1	7	
6.2	0.29	0.23	12.4	0.048	33	201	0.99612	3.11	0.56	9.9	6	
5.9	0.22	0.29	4.2	0.037	69	144	0.99214	3.13	0.74	10.8	7	
7.6	0.35	0.47	13.3	0.037	42	116	0.99822	3.04	0.5	9.2	5	
6.6	0.36	0.47	1.4	0.145	26	124	0.99274	3.09	0.56	10.1	6	
6.7	0.11	0.26	14.8	0.053	44	95	0.99676	3.2	0.35	9.8	6	
6.7	0.11	0.26	14.8	0.053	44	95	0.99676	3.2	0.35	9.8	6	
6	0.33	0.26	5.1	0.051	16	119	0.99416	3.15	0.41	9.2	5	
6	0.33	0.26	5.1	0.051	16	119	0.99416	3.15	0.41	9.2	5	
3.8	0.31	0.02	11.1	0.036	20	114	0.99248	3.75	0.44	12.4	6	
7	0.55	0.05	8	0.036	19	164	0.99269	3.26	0.46	12.2	6	
7.2	0.22	0.35	5.5	0.054	37	183	0.99474	3.08	0.5	10.3	5	
6.2	0.24	0.27	16.8	0.04	48	129	0.99691	3.23	0.38	10.5	6	
5.7	0.26	0.24	17.8	0.059	23	124	0.99773	3.3	0.5	10.1	5	
5.7	0.26	0.24	17.8	0.059	23	124	0.99773	3.3	0.5	10.1	5	
5.7	0.26	0.24	17.8	0.059	23	124	0.99773	3.3	0.5	10.1	5	
7.2	0.21	0.36	15.7	0.045	68	183	0.99922	3.25	0.76	9.4	5	
6.9	0.22	0.32	5.8	0.041	20	119	0.99296	3.17	0.55	11.2	6	
7.2	0.21	0.36	15.7	0.045	68	183	0.99922	3.25	0.76	9.4	5	
7.4	0.22	0.28	9	0.046	22	121	0.99468	3.1	0.55	10.8	5	
7.2	0.21	0.36	15.7	0.045	68	183	0.99922	3.25	0.76	9.4	5	
6.9	0.22	0.32	5.8	0.041	20	119	0.99296	3.17	0.55	11.2	6	
7.2	0.34	0.23	8.9	0.105	22	155	0.99692	3.01	0.58	9.5	5	
6.8	0.24	0.29	2	0.044	15	96	0.99232	3.23	0.64	10.4	8	
7.6	0.31	0.52	13.2	0.042	61	148	0.99839	2.98	0.47	9.1	6	
6	0.32	0.32	4.8	0.041	40	186	0.99235	3.22	0.54	11	6	
6.4	0.26	0.21	8.2	0.05	51	182	0.99542	3.23	0.48	9.5	5	
6.4	0.26	0.21	8.2	0.05	51	182	0.99542	3.23	0.48	9.5	5	
7.1	0.21	0.33	1.2	0.039	34	97	0.99112	3.11	0.75	11.2	6	
6.7	0.26	0.29	7.1	0.036	28	100	0.99534	3.08	0.36	9.3	6	
6.4	0.18	0.28	17.05	0.047	53	139	0.99724	3.25	0.35	10.5	6	
6.3	0.2	0.26	12.7	0.046	60	143	0.99526	3.26	0.35	10.8	6	
6.6	0.24	0.22	12.3	0.051	35	146	0.99676	3.1	0.67	9.4	5	
7.4	0.27	0.26	11.8	0.053	55	173	0.99699	3.11	0.6	9.8	5	
7.4	0.27	0.26	11.8	0.053	55	173	0.99699	3.11	0.6	9.8	5	
7.4	0.27	0.26	11.8	0.053	55	173	0.99699	3.11	0.6	9.8	5	
6.6	0.24	0.22	12.3	0.051	35	146	0.99676	3.1	0.67	9.4	5	
7.4	0.27	0.26	11.8	0.053	55	173	0.99699	3.11	0.6	9.8	5	
6.8	0.43	0.26	5.2	0.043	40	176	0.99116	3.17	0.41	12.3	6	
5.2	0.22	0.46	6.2	0.066	41	187	0.99362	3.19	0.42	9.733333333	5	
5.9	0.29	0.16	7.9	0.044	48	197	0.99512	3.21	0.36	9.4	5	
5.9	0.29	0.16	7.9	0.044	48	197	0.99512	3.21	0.36	9.4	5	
5.7	0.29	0.16	7.9	0.044	48	197	0.99512	3.21	0.36	9.4	5	
8.1	0.36	0.59	13.6	0.051	60	134	0.99886	2.96	0.39	8.7	5	
7.2	0.24	0.24	1.7	0.045	18	161	0.99196	3.25	0.53	11.2	6	
6.3	0.3	0.19	7.7	0.049	47	184	0.99514	3.22	0.48	9.5	5	
6.2	0.32	0.24	4.1	0.051	34	149	0.99306	3.36	0.52	11	5	
6.3	0.25	0.27	6.6	0.054	40	158	0.99378	3.2	0.48	10.3	5	
7	0.28	0.28	1.4	0.039	12	83	0.99173	3.18	0.65	11.1	5	
5.7	0.25	0.22	9.8	0.049	50	125	0.99571	3.2	0.45	10.1	6	
6.4	0.32	0.26	7.9	0.05	53	180	0.99514	3.14	0.5	9.6	5	
6.4	0.32	0.26	7.9	0.05	53	180	0.99514	3.14	0.5	9.6	5	
6.4	0.32	0.26	7.9	0.05	53	180	0.99514	3.14	0.5	9.6	5	
6.4	0.15	0.25	7.8	0.05	13	68	0.99394	3.16	0.4	9.9	6	
6.4	0.24	0.27	1.5	0.04	35	105	0.98914	3.13	0.3	12.4	6	
6	0.27	0.26	1.3	0.038	32	138	0.99125	3.46	0.43	11.1	6	
6.5	0.36	0.31	13.55	0.053	20	113	0.99544	3.2	0.56	11	6	
6.5	0.36	0.31	13.55	0.053	20	113	0.99544	3.2	0.56	11	6	
6.9	0.23	0.35	6.9	0.03	45	116	0.99244	2.8	0.54	11	6	
6.4	0.17	0.34	13.4	0.044	45	139	0.99752	3.06	0.43	9.1	6	
5	0.33	0.18	4.6	0.032	40	124	0.99114	3.18	0.4	11	6	
6.6	0.28	0.3	12.9	0.033	31	177	0.99479	3.12	0.39	11.2	6	
5.8	0.34	0.21	7.2	0.041	48	146	0.99441	3.16	0.49	9.8	5	
7.1	0.33	0.18	6.3	0.094	27	166	0.99474	2.9	0.49	9.5	5	
6.4	0.62	0.12	4.7	0.06	33	196	0.99556	3.22	0.48	8.9	5	
6.3	0.3	0.91	8.2	0.034	50	199	0.99394	3.39	0.49	11.7	6	
5.7	0.25	0.32	12.2	0.041	43	127	0.99524	3.23	0.53	10.4	7	
6.3	0.3	0.91	8.2	0.034	50	199	0.99394	3.39	0.49	11.7	6	
5.8	0.29	0.38	10.7	0.038	49	136	0.99366	3.11	0.59	11.2	6	
6.5	0.51	0.25	1.7	0.048	39	177	0.99212	3.28	0.57	10.56666667	5	
6	0.24	0.41	1.3	0.036	42	118	0.99018	3.04	0.64	11.73333333	6	
6.5	0.51	0.25	1.7	0.048	39	177	0.99212	3.28	0.57	10.6	5	
6.9	0.54	0.26	12.7	0.049	59	195	0.99596	3.26	0.54	10.5	6	
6	0.24	0.41	1.3	0.036	42	118	0.99018	3.04	0.64	11.75	6	
5.7	0.695	0.06	6.8	0.042	9	84	0.99432	3.44	0.44	10.2	5	
5.6	0.695	0.06	6.8	0.042	9	84	0.99432	3.44	0.44	10.2	5	
8	0.23	0.41	1.1	0.048	35	150	0.99168	3.09	0.47	11.2	5	
7.3	0.17	0.36	8.2	0.028	44	111	0.99272	3.14	0.41	12.4	6	
6	0.17	0.33	6	0.036	30	111	0.99362	3.32	0.58	10.13333333	7	
6.1	0.16	0.34	6.1	0.034	31	114	0.99365	3.32	0.58	10.13333333	7	
7.3	0.17	0.36	8.2	0.028	44	111	0.99272	3.14	0.41	12.4	6	
6.4	0.31	0.53	8.8	0.057	36	221	0.99642	3.17	0.44	9.1	5	
6.1	0.16	0.34	6.1	0.034	31	114	0.99365	3.32	0.58	10.15	7	
6	0.17	0.33	6	0.036	30	111	0.99362	3.32	0.58	10.15	7	
6.6	0.285	0.49	11.4	0.035	57	137	0.99732	3.08	0.54	8.9	6	
4.9	0.335	0.14	1.3	0.036	69	168	0.99212	3.47	0.46	10.46666667	5	
4.9	0.335	0.14	1.3	0.036	69	168	0.99212	3.47	0.46	10.46666667	5	
6.6	0.285	0.49	11.4	0.035	57	137	0.99732	3.08	0.54	8.9	6	
4.7	0.335	0.14	1.3	0.036	69	168	0.99212	3.47	0.46	10.5	5	
6.5	0.33	0.32	1	0.041	39	120	0.99004	3.06	0.37	12.2	6	
6.9	0.19	0.31	19.25	0.043	38	167	0.99954	2.93	0.52	9.1	7	
6.9	0.19	0.31	19.25	0.043	38	167	0.99954	2.93	0.52	9.1	7	
5.7	0.27	0.16	9	0.053	32	111	0.99474	3.36	0.37	10.4	6	
5.6	0.205	0.16	12.55	0.051	31	115	0.99564	3.4	0.38	10.8	6	
5.4	0.205	0.16	12.55	0.051	31	115	0.99564	3.4	0.38	10.8	6	
5.7	0.27	0.16	9	0.053	32	111	0.99474	3.36	0.37	10.4	6	
6.7	0.15	0.32	7.9	0.034	17	81	0.99512	3.29	0.31	10	6	
5.2	0.24	0.15	7.1	0.043	32	134	0.99378	3.24	0.48	9.9	6	
6.7	0.15	0.32	7.9	0.034	17	81	0.99512	3.29	0.31	10	6	
5.5	0.3	0.25	1.9	0.029	33	118	0.98972	3.36	0.66	12.5	6	
5	0.24	0.19	5	0.043	17	101	0.99438	3.67	0.57	10	5	
6.1	0.26	0.25	2.9	0.047	289	440	0.99314	3.44	0.64	10.5	3	
6.3	0.23	0.5	10.4	0.043	61	132	0.99542	2.86	0.46	9.1	6	
5.5	0.16	0.26	1.5	0.032	35	100	0.99076	3.43	0.77	12	6	
6.6	0.19	0.25	1.2	0.052	34	181	0.99352	3.3	0.42	9.4	7	
6.8	0.27	0.3	13	0.047	69	160	0.99705	3.16	0.5	9.6	6	
6.8	0.27	0.3	13	0.047	69	160	0.99705	3.16	0.5	9.6	6	
6.8	0.27	0.3	13	0.047	69	160	0.99705	3.16	0.5	9.6	6	
6.8	0.27	0.3	13	0.047	69	160	0.99705	3.16	0.5	9.6	6	
5.8	0.3	0.09	6.3	0.042	36	138	0.99382	3.15	0.48	9.7	5	
5.6	0.3	0.1	6.4	0.043	34	142	0.99382	3.14	0.48	9.8	5	
6.9	0.25	0.29	2.4	0.038	28	76	0.99088	3.01	0.36	11.7	7	
5.7	0.33	0.32	1.4	0.043	28	93	0.9897	3.31	0.5	12.3	6	
6.4	0.31	0.5	5.8	0.038	42	111	0.99189	3.18	0.53	11.9	7	
5.1	0.26	0.34	6.4	0.034	26	99	0.99449	3.23	0.41	9.2	6	
6.6	0.28	0.09	10.9	0.051	37	131	0.99566	2.93	0.62	9.5	6	
5.4	0.375	0.4	3.3	0.054	29	147	0.99482	3.42	0.52	9.1	5	
5.8	0.36	0.5	1	0.127	63	178	0.99212	3.1	0.45	9.7	5	
5.8	0.36	0.5	1	0.127	63	178	0.99212	3.1	0.45	9.7	5	
7	0.24	0.47	1.3	0.043	18	131	0.99176	3.19	0.45	11	6	
5.6	0.295	0.26	1.1	0.035	40	102	0.99154	3.47	0.56	10.6	6	
6.7	0.5	0.36	11.5	0.096	18	92	0.99642	3.11	0.49	9.6	5	
6.5	0.28	0.38	7.8	0.031	54	216	0.99154	3.03	0.42	13.1	6	
5.2	0.405	0.15	1.45	0.038	10	44	0.99125	3.52	0.4	11.6	4	
6.2	0.28	0.57	1	0.043	50	92	0.99004	3.17	0.36	11.5	6	
6.2	0.23	0.38	1.6	0.044	12	113	0.99176	3.3	0.73	11.4	5	
6.4	0.35	0.51	7.8	0.055	53	177	0.99502	3.12	0.45	9.6	5	
5	0.2	0.4	1.9	0.015	20	98	0.9897	3.37	0.55	12.05	6	
6	0.42	0.41	12.4	0.032	50	179	0.99622	3.14	0.6	9.7	5	
6.2	0.21	0.28	5.7	0.028	45	121	0.99168	3.21	1.08	12.15	7	
6.2	0.21	0.29	1.6	0.039	24	92	0.99114	3.27	0.5	11.2	6	
6.5	0.24	0.19	1.2	0.041	30	111	0.99254	2.99	0.46	9.4	6	
