5.4	0.5	0.13	5	0.028	12	107	0.99079	3.48	0.88	13.5	7	
8.2	0.52	0.34	1.2	0.042	18	167	0.99366	3.24	0.39	10.6	5	
6.4	0.22	0.34	1.4	0.023	56	115	0.98958	3.18	0.7	11.7	6	
6.9	0.32	0.27	16	0.034	58	185	0.99938	3.34	0.6	9	6	
6.8	0.11	0.42	1.1	0.042	51	132	0.99059	3.18	0.74	11.3	7	
6.2	0.26	0.32	15.3	0.031	64	185	0.99835	3.31	0.61	9.4	5	
6.4	0.22	0.34	1.4	0.023	56	115	0.98958	3.18	0.7	11.7	6	
6.7	0.3	0.29	2.8	0.025	37	107	0.99159	3.31	0.63	11.3	7	
6.7	0.3	0.29	2.8	0.025	37	107	0.99159	3.31	0.63	11.3	7	
7.1	0.2	0.3	0.9	0.019	4	28	0.98931	3.2	0.36	12	6	
7.5	0.25	0.32	8.2	0.024	53	209	0.99563	3.12	0.46	10.8	6	
7.1	0.2	0.3	0.9	0.019	4	28	0.98931	3.2	0.36	12	6	
6.7	0.3	0.29	2.8	0.025	37	107	0.99159	3.31	0.63	11.3	7	
6.5	0.18	0.41	14.2	0.039	47	129	0.99678	3.28	0.72	10.3	7	
6.5	0.18	0.41	14.2	0.039	47	129	0.99678	3.28	0.72	10.3	7	
6.5	0.18	0.41	14.2	0.039	47	129	0.99678	3.28	0.72	10.3	7	
6.6	0.26	0.21	2.9	0.026	48	126	0.99089	3.22	0.38	11.3	7	
6.6	0.26	0.21	2.9	0.026	48	126	0.99089	3.22	0.38	11.3	7	
6.5	0.18	0.41	14.2	0.039	47	129	0.99678	3.28	0.72	10.3	7	
4.5	0.19	0.21	0.95	0.033	89	159	0.99332	3.34	0.42	8	5	
7	0.24	0.24	9	0.03	42	219	0.99636	3.47	0.46	10.2	6	
5.8	0.6	0	1.3	0.044	72	197	0.99202	3.56	0.43	10.9	5	
6.7	0.28	0.28	2.4	0.012	36	100	0.99064	3.26	0.39	11.7	7	
6.8	0.44	0.2	16	0.065	61	186	0.99884	3.13	0.45	8.6	5	
8.7	0.31	0.73	14.35	0.044	27	191	1.00013	2.96	0.88	8.7	5	
8.2	0.32	0.26	2.1	0.062	26	87	0.98974	3.1	0.47	12.8	6	
8.7	0.31	0.73	14.35	0.044	27	191	1.00013	2.96	0.88	8.7	5	
9.2	0.14	0.37	1.1	0.034	36	84	0.99136	3.05	0.55	11.6	6	
7.4	0.2	0.37	1.2	0.028	28	89	0.99132	3.14	0.61	11.8	6	
7.6	0.23	0.4	5.2	0.066	14	91	0.99488	3.17	0.8	9.7	5	
8.1	0.33	0.22	5.2	0.047	24	151	0.99527	3.22	0.47	10.3	5	
5.8	0.15	0.28	0.8	0.037	43	127	0.99198	3.24	0.51	9.3	5	
7	0.34	0.39	6.9	0.066	43	162	0.99561	3.11	0.53	9.5	5	
7.3	0.22	0.31	2.3	0.018	45	80	0.98936	3.06	0.34	12.9	7	
6.4	0.28	0.27	11	0.042	45	148	0.99786	3.14	0.46	8.7	5	
6.5	0.15	0.44	12.6	0.052	65	158	0.99688	3.26	0.7	10.3	7	
7.1	0.15	0.34	1	0.033	27	73	0.98974	3.24	0.41	12.2	6	
7	0.23	0.33	1	0.043	46	110	0.99118	3.04	0.65	10.8	6	
8	0.13	0.25	1.1	0.033	15	86	0.99044	2.98	0.39	11.2	8	
5.9	0.34	0.31	2	0.03	38	142	0.98892	3.4	0.41	12.9	7	
9.6	0.655	0.21	2	0.039	21	120	0.99188	3	1	12.6	6	
6.8	0.26	0.4	7.5	0.046	45	179	0.99583	3.2	0.49	9.3	5	
5.9	0.34	0.31	2	0.03	38	142	0.98892	3.4	0.41	12.9	7	
5.9	0.3	0.3	2	0.03	38	142	0.98892	3.41	0.41	12.9	7	
7	0.15	0.3	13.3	0.049	46	120	0.99704	3.2	0.36	9.5	7	
7.2	0.35	0.25	5.6	0.032	23	120	0.99334	2.93	0.66	10.3	7	
7.2	0.32	0.24	5.6	0.033	23	120	0.99334	2.92	0.66	10.3	7	
7.6	0.1	0.33	1	0.031	33	93	0.99094	3.06	0.68	11.2	6	
6.2	0.25	0.31	3.2	0.03	32	150	0.99014	3.18	0.31	12	6	
7.1	0.31	0.17	1	0.042	21	144	0.99304	3.13	0.4	9.6	5	
8	0.17	0.29	2.4	0.029	52	119	0.98944	3.03	0.33	12.9	6	
7.6	0.32	0.25	9.5	0.03	15	136	0.99367	3.1	0.44	12.1	6	
7.1	0.31	0.17	1	0.042	21	144	0.99304	3.13	0.4	9.6	5	
6.6	0.21	0.29	1.8	0.026	35	128	0.99183	3.37	0.48	11.2	6	
7	0.16	0.36	2.6	0.029	28	98	0.99126	3.11	0.37	11.2	7	
8	0.17	0.29	2.4	0.029	52	119	0.98944	3.03	0.33	12.9	6	
6.9	0.3	0.25	3.3	0.041	26	124	0.99428	3.18	0.5	9.3	6	
6.2	0.28	0.27	10.3	0.03	26	108	0.99388	3.2	0.36	10.7	6	
6.9	0.31	0.32	1.2	0.024	20	166	0.99208	3.05	0.54	9.8	6	
6.2	0.28	0.27	10.3	0.03	26	108	0.99388	3.2	0.36	10.7	6	
6.5	0.22	0.5	16.4	0.048	36	182	0.99904	3.02	0.49	8.8	6	
7	0.18	0.37	1.5	0.043	16	104	0.99216	3.18	0.5	10.8	5	
6.9	0.31	0.32	1.2	0.024	20	166	0.99208	3.05	0.54	9.8	6	
6.9	0.3	0.25	3.3	0.041	26	124	0.99428	3.18	0.5	9.3	6	
6.5	0.23	0.36	16.3	0.038	43	133	0.99924	3.26	0.41	8.8	5	
6.5	0.23	0.36	16.3	0.038	43	133	0.99924	3.26	0.41	8.8	5	
6.5	0.23	0.36	16.3	0.038	43	133	0.99924	3.26	0.41	8.8	5	
6.7	0.26	0.39	6.4	0.171	64	200	0.99562	3.19	0.38	9.4	6	
6.5	0.23	0.36	16.3	0.038	43	133	0.99924	3.26	0.41	8.8	5	
7.8	0.25	0.28	7.2	0.04	46	179	0.99541	3.14	0.6	10.1	6	
7.5	0.18	0.31	6.5	0.029	53	160	0.99276	3.03	0.38	10.9	6	
8.2	0.37	0.64	13.9	0.043	22	171	0.99873	2.99	0.8	9.3	5	
7.6	0.4	0.27	5.2	0.03	32	101	0.99172	3.22	0.62	12.3	7	
7.5	0.26	0.25	1.7	0.038	29	129	0.99312	3.45	0.56	10.4	6	
7.5	0.18	0.31	6.5	0.029	53	160	0.99276	3.03	0.38	10.9	6	
5.3	0.2	0.31	3.6	0.036	22	91	0.99278	3.41	0.5	9.8	6	
6.5	0.17	0.31	1.5	0.041	34	121	0.99092	3.06	0.46	10.5	6	
6.5	0.29	0.31	1.7	0.035	24	79	0.99053	3.27	0.69	11.4	7	
6.8	0.3	0.22	6.2	0.06	41	190	0.99858	3.18	0.51	9.2	5	
6.5	0.29	0.31	1.7	0.035	24	79	0.99053	3.27	0.69	11.4	7	
6.5	0.17	0.31	1.5	0.041	34	121	0.99092	3.06	0.46	10.5	6	
7.4	0.2	0.28	9.1	0.047	29	95	0.99532	3.16	0.47	9.8	7	
6.9	0.615	0.42	12	0.067	24	131	0.99727	3.19	0.34	9.3	5	
6.8	0.32	0.28	4.8	0.034	25	100	0.99026	3.08	0.47	12.4	7	
6.3	0.2	0.19	12.3	0.048	54	145	0.99668	3.16	0.42	9.3	6	
6.9	0.615	0.42	12	0.067	24	131	0.99727	3.19	0.34	9.3	5	
6.7	0.27	0.33	3.6	0.034	9	45	0.99144	3.08	0.4	10.5	6	
6.7	0.27	0.33	3.6	0.034	9	45	0.99144	3.08	0.4	10.5	6	
6.7	0.44	0.22	4.3	0.032	19	99	0.99015	3.26	0.53	12.8	7	
7.3	0.26	0.33	11.8	0.057	48	127	0.99693	3.1	0.55	10	6	
7.3	0.26	0.33	11.8	0.057	48	127	0.99693	3.1	0.55	10	6	
6.8	0.17	0.36	1.4	0.036	38	108	0.99006	3.19	0.66	12	6	
7.1	0.43	0.3	6.6	0.025	15	138	0.99126	3.18	0.46	12.6	6	
5.8	0.315	0.27	1.55	0.026	15	70	0.98994	3.37	0.4	11.9	8	
5.9	0.17	0.28	0.7	0.027	5	28	0.98985	3.13	0.32	10.6	5	
8.6	0.33	0.34	11.8	0.059	42	240	0.99882	3.17	0.52	10	6	
5.6	0.12	0.26	4.3	0.038	18	97	0.99477	3.36	0.46	9.2	5	
5.8	0.13	0.26	5.1	0.039	19	103	0.99478	3.36	0.47	9.3	6	
7.7	0.18	0.35	5.8	0.055	25	144	0.99576	3.24	0.54	10.2	6	
6.4	0.27	0.29	10.8	0.028	17	118	0.99356	3.18	0.37	11.2	6	
6.9	0.16	0.37	1.8	0.034	36	95	0.98952	2.93	0.59	12	6	
6.4	0.44	0.44	14.4	0.048	29	228	0.99955	3.26	0.54	8.8	7	
6.3	0.2	0.24	1.7	0.052	36	135	0.99374	3.8	0.66	10.8	6	
7.6	0.39	0.32	3.6	0.035	22	93	0.99144	3.08	0.6	12.5	7	
7.6	0.2	0.36	1.9	0.043	24	111	0.99237	3.29	0.54	11.3	6	
7.6	0.39	0.32	3.6	0.035	22	93	0.99144	3.08	0.6	12.5	7	
6.7	0.2	0.37	1.65	0.025	42	103	0.99022	3.11	0.45	11.4	5	
6.2	0.235	0.34	1.9	0.036	4	117	0.99032	3.4	0.44	12.2	5	
7.8	0.965	0.6	65.8	0.074	8	160	1.03898	3.39	0.69	11.7	6	
6.9	0.4	0.42	6.2	0.066	41	176	0.99552	3.12	0.54	9.4	5	
6.9	0.4	0.43	6.2	0.065	42	178	0.99552	3.11	0.53	9.4	5	
6.6	0.25	0.51	8	0.047	61	189	0.99604	3.22	0.49	9.2	5	
6.8	0.26	0.44	8.2	0.046	52	183	0.99584	3.2	0.51	9.4	5	
6.5	0.37	0.3	2.2	0.033	39	107	0.98894	3.22	0.53	13.5	7	
6.5	0.37	0.3	2.2	0.033	39	107	0.98894	3.22	0.53	13.5	7	
6.9	0.31	0.32	1.6	0.036	34	114	0.99068	3.19	0.45	11.4	7	
6.7	0.16	0.37	1.3	0.036	45	125	0.98964	3.19	0.51	12.4	7	
6.6	0.25	0.51	8	0.047	61	189	0.99604	3.22	0.49	9.2	5	
6.8	0.26	0.44	8.2	0.046	52	183	0.99584	3.2	0.51	9.4	5	
7.5	0.17	0.71	11.8	0.038	52	148	0.99801	3.03	0.46	8.9	5	
5.8	0.32	0.31	2.7	0.049	25	153	0.99067	3.44	0.73	12.2	7	
5.8	0.32	0.31	2.7	0.049	25	153	0.99067	3.44	0.73	12.2	7	
6.7	0.19	0.39	1	0.032	14	71	0.98912	3.31	0.38	13	7	
6.7	0.19	0.39	1	0.032	14	71	0.98912	3.31	0.38	13	7	
6	0.21	0.34	2	0.042	63	123	0.99052	3.44	0.42	11.4	6	
6.7	0.325	0.82	1.2	0.152	49	120	0.99312	2.99	0.38	9.2	5	
6.6	0.17	0.3	1.1	0.031	13	73	0.99095	3.17	0.58	11	6	
7.2	0.44	0.28	3.4	0.048	22	112	0.99188	3.21	0.37	11.3	7	
7.3	0.26	0.3	9.3	0.05	35	154	0.99581	3.21	0.5	10.4	6	
6.9	0.15	0.29	2.3	0.033	14	82	0.99132	3.1	0.58	11.2	7	
5.8	0.22	0.29	0.9	0.034	34	89	0.98936	3.14	0.36	11.1	7	
6.5	0.37	0.33	3.5	0.036	23	92	0.99136	3.18	0.38	11.2	6	
5.5	0.375	0.38	1.7	0.036	17	98	0.99142	3.29	0.39	10.5	6	
6.5	0.22	0.29	7.4	0.028	16	87	0.99311	3.15	0.56	10.9	7	
6.9	0.15	0.29	2.3	0.033	14	82	0.99132	3.1	0.58	11.2	7	
6.6	0.31	0.07	1.5	0.033	55	144	0.99208	3.16	0.42	10	5	
7.7	0.43	0.37	10	0.169	22	210	0.99776	3.02	0.64	9.5	5	
7.3	0.23	0.34	9.3	0.052	19	86	0.99574	3.04	0.56	10	5	
7.9	0.2	0.39	1	0.041	37	154	0.99093	3.08	0.43	11.9	5	
5.3	0.16	0.39	1	0.028	40	101	0.99156	3.57	0.59	10.6	6	
6.4	0.21	0.28	5.9	0.047	29	101	0.99278	3.15	0.4	11	6	
5.6	0.18	0.58	1.25	0.034	29	129	0.98984	3.51	0.6	12	7	
6.4	0.21	0.28	5.9	0.047	29	101	0.99278	3.15	0.4	11	6	
5.1	0.11	0.32	1.6	0.028	12	90	0.99008	3.57	0.52	12.2	6	
6.5	0.15	0.32	1.3	0.036	19	76	0.98964	3.18	0.41	12.3	6	
5.3	0.16	0.39	1	0.028	40	101	0.99156	3.57	0.59	10.6	6	
5.6	0.18	0.58	1.25	0.034	29	129	0.98984	3.51	0.6	12	7	
6.2	0.23	0.23	1.2	0.018	18	128	0.99178	3.05	0.28	10.6	5	
6.7	0.15	0.38	1.7	0.037	20	84	0.99046	3.09	0.53	11.4	6	
4.2	0.17	0.36	1.8	0.029	93	161	0.98999	3.65	0.89	12	7	
5.8	0.21	0.32	1.6	0.045	38	95	0.98946	3.23	0.94	12.4	8	
5.4	0.23	0.36	1.5	0.03	74	121	0.98976	3.24	0.99	12.1	7	
6.7	0.15	0.38	1.7	0.037	20	84	0.99046	3.09	0.53	11.4	6	
6.4	0.22	0.31	13.9	0.04	57	135	0.99672	3.21	0.38	10.7	5	
5.9	0.32	0.33	2.1	0.027	35	138	0.98945	3.37	0.42	12.7	6	
5.7	0.37	0.3	1.1	0.029	24	88	0.98883	3.18	0.39	11.7	6	
7.2	0.21	0.28	2.7	0.033	38	94	0.99075	2.99	0.43	11.8	7	
7	0.24	0.3	6.7	0.039	37	125	0.99436	3.2	0.39	9.9	5	
6.8	0.475	0.33	3.95	0.047	16	81	0.98988	3.23	0.53	13.4	7	
7	0.28	0.32	7.75	0.032	30	114	0.99158	3.12	0.64	12.8	7	
6.6	0.41	0.31	1.6	0.042	18	101	0.99195	3.13	0.41	10.5	5	
8.4	0.36	0.36	11.1	0.032	21	132	0.99313	2.95	0.39	13	6	
5.2	0.285	0.29	5.15	0.035	64	138	0.9895	3.19	0.34	12.4	8	
6.7	0.42	0.46	9.7	0.054	67	234	0.99848	3.23	0.5	9	5	
6.4	0.125	0.36	1.4	0.044	22	68	0.99014	3.15	0.5	11.7	7	
6.7	0.42	0.46	9.7	0.054	67	234	0.99848	3.23	0.5	9	5	
8.6	0.18	0.28	0.8	0.032	25	78	0.99104	2.99	0.38	11.1	5	
6.2	0.18	0.3	1	0.031	23	73	0.99032	3.23	0.52	11.3	6	
7.7	0.18	0.3	1.2	0.046	49	199	0.99413	3.03	0.38	9.3	5	
6.9	0.14	0.38	1	0.041	22	81	0.99043	3.03	0.54	11.4	6	
6.9	0.14	0.38	1	0.041	22	81	0.99043	3.03	0.54	11.4	6	
6	0.44	0.26	3.1	0.053	57	128	0.98982	3.22	0.39	12.7	6	
7.1	0.36	0.4	1.95	0.033	26	118	0.98934	3.2	0.45	13.5	7	
7.4	0.28	0.4	11.9	0.032	13	92	0.99629	3.01	0.46	10.8	4	
6.5	0.44	0.47	5.45	0.014	44	137	0.98984	3.13	0.32	13	8	
6.9	0.22	0.31	6.3	0.029	41	131	0.99326	3.08	0.49	10.8	6	
6.6	0.22	0.29	14.4	0.046	39	118	0.99834	3.05	0.5	9.1	6	
7.7	0.25	0.3	7.8	0.038	67	196	0.99555	3.1	0.5	10.1	5	
5.2	0.155	0.33	1.6	0.028	13	59	0.98975	3.3	0.84	11.9	8	
7	0.31	0.31	9.1	0.036	45	140	0.99216	2.98	0.31	12	7	
7	0.31	0.31	9.1	0.036	45	140	0.99216	2.98	0.31	12	7	
6.6	0.22	0.29	14.4	0.046	39	118	0.99834	3.05	0.5	9.1	6	
5.2	0.155	0.33	1.6	0.028	13	59	0.98975	3.3	0.84	11.9	8	
6.9	0.22	0.31	6.3	0.029	41	131	0.99326	3.08	0.49	10.8	6	
5.2	0.17	0.27	0.7	0.03	11	68	0.99218	3.3	0.41	9.8	5	
7.7	0.25	0.3	7.8	0.038	67	196	0.99555	3.1	0.5	10.1	5	
7.2	0.3	0.3	8.7	0.022	14	111	0.99576	3.11	0.61	10.6	5	
6.8	0.26	0.46	8.3	0.037	49	173	0.99601	3.17	0.47	9.3	5	
4.9	0.33	0.31	1.2	0.016	39	150	0.98713	3.33	0.59	14	8	
5.1	0.29	0.28	8.3	0.026	27	107	0.99308	3.36	0.37	11	6	
5.1	0.29	0.28	8.3	0.026	27	107	0.99308	3.36	0.37	11	6	
6	0.28	0.52	5	0.078	30	139	0.99494	3.1	0.36	9	6	
6.4	0.29	0.3	2.9	0.036	25	79	0.99037	3.29	0.6	12.4	7	
7.4	0.35	0.24	6	0.042	28	123	0.99304	3.14	0.44	11.3	5	
8.1	0.12	0.38	0.9	0.034	36	86	0.99026	2.8	0.55	12	6	
6.4	0.12	0.3	1.1	0.031	37	94	0.98986	3.01	0.56	11.7	6	
7.3	0.4	0.26	5.45	0.016	26	90	0.98951	2.84	0.54	13.2	7	
7.7	0.11	0.34	14.05	0.04	41	114	0.99634	3.07	0.59	11	7	
6.9	0.23	0.41	8	0.03	30	114	0.99368	3.22	0.54	11	6	
6.9	0.38	0.38	13.1	0.112	14	94	0.99792	3.02	0.48	9.2	5	
7.5	0.38	0.29	4.9	0.021	38	113	0.99026	3.08	0.48	13	7	
5.5	0.34	0.26	2.2	0.021	31	119	0.98919	3.55	0.49	13	8	
6.6	0.23	0.3	14.9	0.051	33	118	0.99835	3.04	0.54	9	6	
6.6	0.23	0.3	14.9	0.051	33	118	0.99835	3.04	0.54	9	6	
8.4	0.31	0.31	0.95	0.021	52	148	0.99038	2.93	0.32	11.5	5	
6.7	0.2	0.3	1.4	0.025	17	76	0.99104	3.11	0.44	11	6	
8.4	0.31	0.31	0.95	0.021	52	148	0.99038	2.93	0.32	11.5	5	
7.3	0.26	0.24	1.7	0.05	10	112	0.99286	3.11	0.43	9.9	5	
6.6	0.23	0.3	14.9	0.051	33	118	0.99835	3.04	0.54	9	6	
6.8	0.32	0.39	9.6	0.026	34	124	0.99286	3.18	0.35	12.1	6	
6.6	0.23	0.2	11.4	0.044	45	131	0.99604	2.96	0.51	9.7	6	
6.6	0.23	0.2	11.4	0.044	45	131	0.99604	2.96	0.51	9.7	6	
6.7	0.36	0.26	7.9	0.034	39	123	0.99119	2.99	0.3	12.2	7	
6.1	0.38	0.42	5	0.016	31	113	0.99007	3.15	0.31	12.4	7	
8.5	0.23	0.28	11.1	0.033	30	97	0.99507	3.03	0.39	10.5	7	
6	0.26	0.32	3.8	0.029	48	180	0.99011	3.15	0.34	12	6	
6.9	0.3	0.3	10.55	0.037	4	28	0.99184	3.07	0.32	12.7	6	
6.7	0.18	0.28	10.2	0.039	29	115	0.99469	3.11	0.45	10.9	7	
6.7	0.18	0.28	10.2	0.039	29	115	0.99469	3.11	0.45	10.9	7	
6.8	0.18	0.28	9.8	0.039	29	113	0.99406	3.11	0.45	10.9	7	
7.2	0.19	0.31	6.3	0.034	17	103	0.99305	3.15	0.52	11.4	7	
5	0.27	0.32	4.5	0.032	58	178	0.98956	3.45	0.31	12.6	7	
6.8	0.18	0.28	9.8	0.039	29	113	0.99406	3.11	0.45	10.9	7	
6.8	0.18	0.28	9.8	0.039	29	113	0.99406	3.11	0.45	10.9	7	
6.6	0.28	0.34	0.8	0.037	42	119	0.9888	3.03	0.37	12.5	6	
6.5	0.35	0.36	0.8	0.034	32	111	0.98942	3.11	0.5	12.1	8	
6.9	0.25	0.33	1.2	0.035	35	158	0.99082	3.02	0.58	11.3	6	
6	0.32	0.3	1.3	0.025	18	112	0.98802	3.07	0.64	13.3	7	
6.8	0.18	0.28	9.8	0.039	29	113	0.99406	3.11	0.45	10.9	7	
6.7	0.18	0.28	10.2	0.039	29	115	0.99469	3.11	0.45	10.9	7	
7.2	0.19	0.31	6.3	0.034	17	103	0.99305	3.15	0.52	11.4	7	
6.3	0.18	0.36	1.2	0.034	26	111	0.99074	3.16	0.51	11	6	
6.9	0.3	0.36	0.9	0.037	40	156	0.98968	3.08	0.36	12.1	6	
5	0.27	0.32	4.5	0.032	58	178	0.98956	3.45	0.31	12.6	7	
5	0.3	0.33	3.7	0.03	54	173	0.9887	3.36	0.3	13	7	
6.5	0.2	0.5	18.1	0.054	50	221	0.99941	2.94	0.64	8.8	6	
6.7	0.25	0.31	1.35	0.061	30.5	218	0.99388	3.16	0.53	9.5	5	
6.6	0.22	0.36	5.5	0.029	30	105	0.99206	3.2	0.47	11.8	6	
7	0.13	0.37	12.85	0.042	36	105	0.99581	3.05	0.55	10.7	6	
7	0.13	0.37	12.85	0.042	36	105	0.99581	3.05	0.55	10.7	6	
5.9	0.34	0.3	3.8	0.035	57	135	0.99016	3.09	0.34	12	6	
8.4	0.32	0.35	11.7	0.029	3	46	0.99439	3.02	0.34	11.8	6	
6.8	0.27	0.29	4.6	0.046	6	88	0.99458	3.34	0.48	10.6	4	
8	0.74	0.21	4	0.05	24	133	0.99418	3.06	0.38	9.7	5	
7	0.13	0.37	12.85	0.042	36	105	0.99581	3.05	0.55	10.7	6	
5.4	0.22	0.29	1.2	0.045	69	152	0.99178	3.76	0.63	11	7	
8.4	0.22	0.3	8.9	0.024	17	118	0.99456	2.99	0.34	10.5	6	
7.5	0.18	0.37	6.2	0.05	21	138	0.99546	3.2	0.55	10.5	6	
5.8	0.19	0.25	10.8	0.042	33	124	0.99646	3.22	0.41	9.2	6	
6.7	0.14	0.46	1.6	0.036	15	92	0.99264	3.37	0.49	10.9	5	
6.9	0.25	0.47	8.4	0.042	36	156	0.99604	3.15	0.55	9.4	6	
6	0.24	0.33	2.5	0.026	31	85	0.99014	3.13	0.5	11.3	7	
6.8	0.29	0.34	3.5	0.054	26	189	0.99489	3.42	0.58	10.4	5	
6.3	0.33	0.42	17.2	0.037	57	170	0.99884	3.26	0.57	9.4	6	
6.5	0.23	0.45	2.1	0.027	43	104	0.99054	3.02	0.52	11.3	6	
6.3	0.2	0.37	11.8	0.045	58	130	0.99519	3.2	0.35	10.8	5	
6.2	0.33	0.41	16.8	0.037	58	173	0.99882	3.25	0.57	9.4	6	
6.3	0.33	0.42	17.2	0.037	57	170	0.99884	3.26	0.57	9.4	6	
6	0.27	0.3	14.7	0.044	15	144	0.99666	3.12	0.53	10.3	6	
5.7	0.12	0.26	5.5	0.034	21	99	0.99324	3.09	0.57	9.9	6	
6.9	0.24	0.37	6.1	0.027	38	112	0.99086	3.19	0.34	12.4	6	
7.1	0.17	0.43	1.3	0.023	33	132	0.99067	3.11	0.56	11.7	6	
7.5	0.33	0.38	8.7	0.126	49	199	0.99711	2.98	0.57	9.4	5	
6.2	0.255	0.24	1.7	0.039	138.5	272	0.99452	3.53	0.53	9.6	4	
7.5	0.33	0.38	8.7	0.126	49	199	0.99711	2.98	0.57	9.4	5	
7.6	0.17	0.36	4.5	0.042	26	102	0.99427	3.09	0.47	9.5	5	
5.8	0.15	0.31	5.9	0.036	7	73	0.99152	3.2	0.43	11.9	6	
6.3	0.25	0.44	1.7	0.024	36	116	0.98935	3.18	0.4	12.5	6	
6.9	0.28	0.41	1.4	0.016	6	55	0.98876	3.16	0.4	13.4	5	
7.2	0.27	0.37	5.4	0.026	27	114	0.99174	3.13	0.84	12.7	5	
8.5	0.19	0.48	1.1	0.026	23	58	0.99184	2.9	0.5	10.5	6	
6.2	0.25	0.54	7	0.046	58	176	0.99454	3.19	0.7	10.4	5	
6.2	0.25	0.54	7	0.046	58	176	0.99454	3.19	0.7	10.4	5	
6.8	0.28	0.43	7.6	0.03	30	110	0.99164	3.08	0.59	12.5	8	
6.2	0.25	0.54	7	0.046	58	176	0.99454	3.19	0.7	10.4	5	
7.4	0.21	0.8	12.3	0.038	77	183	0.99778	2.95	0.48	9	5	
7.4	0.21	0.8	12.3	0.038	77	183	0.99778	2.95	0.48	9	5	
7.3	0.28	0.42	1.2	0.033	29	142	0.99205	3.17	0.43	10.7	4	
6.1	0.18	0.38	2.3	0.033	28	111	0.98962	3.16	0.49	12.4	6	
7	0.53	0.43	6.1	0.029	6	76	0.99118	3.08	0.5	12.5	8	
6.8	0.28	0.43	7.6	0.03	30	110	0.99164	3.08	0.59	12.5	8	
7.5	0.25	0.47	4.1	0.041	95	163	0.99184	2.92	0.59	11.3	6	
6.7	0.24	0.41	2.9	0.039	48	122	0.99052	3.25	0.43	12	5	
6.6	0.25	0.33	8.5	0.042	29	141	0.99546	3.28	0.6	10.4	5	
7.1	0.28	0.35	3.5	0.028	35	91	0.99022	2.96	0.33	12.1	5	
6.6	0.35	0.34	4.9	0.032	9	125	0.99253	3.32	0.81	12	5	
8.5	0.19	0.48	1.1	0.026	23	58	0.99184	2.9	0.5	10.5	6	
6.2	0.25	0.54	7	0.046	58	176	0.99454	3.19	0.7	10.4	5	
5.8	0.31	0.32	4.5	0.024	28	94	0.98906	3.25	0.52	13.7	7	
6.6	0.17	0.35	2.6	0.03	33	78	0.99146	3.22	0.72	11.3	6	
5.8	0.31	0.32	4.5	0.024	28	94	0.98906	3.25	0.52	13.7	7	
6.3	0.37	0.37	1.5	0.024	12	76	0.98876	2.94	0.39	12.3	6	
6.2	0.36	0.38	3.2	0.031	20	89	0.98956	3.06	0.33	12	7	
6.6	0.17	0.35	2.6	0.03	33	78	0.99146	3.22	0.72	11.3	6	
7.6	0.27	0.52	3.2	0.043	28	152	0.99129	3.02	0.53	11.4	6	
7	0.25	0.45	2.3	0.045	40	118	0.99064	3.16	0.48	11.9	7	
9.7	0.24	0.49	4.9	0.032	3	18	0.99368	2.85	0.54	10	6	
9.7	0.24	0.49	4.9	0.032	3	18	0.99368	2.85	0.54	10	6	
6.8	0.13	0.39	1.4	0.034	19	102	0.99121	3.23	0.6	11.3	7	
6.6	0.78	0.5	1.5	0.045	30	133	0.99104	3.25	0.48	11.7	5	
5.1	0.33	0.27	6.7	0.022	44	129	0.99221	3.36	0.39	11	7	
6.7	0.34	0.4	2.1	0.033	34	111	0.98924	2.97	0.48	12.2	7	
6.5	0.29	0.26	7	0.04	18	113	0.99366	3.17	0.38	10.2	6	
7	0.25	0.45	2.3	0.045	40	118	0.99064	3.16	0.48	11.9	7	
7.6	0.21	0.49	2.5	0.047	20	130	0.99178	3.15	0.48	11.1	5	
7.7	0.26	0.51	2.6	0.045	26	159	0.99126	3	0.5	11.2	6	
7.6	0.27	0.52	3.2	0.043	28	152	0.99129	3.02	0.53	11.4	6	
7.7	0.25	0.49	2.5	0.047	31	169	0.99252	3.07	0.57	10.6	6	
7.6	0.35	0.46	14.7	0.047	33	151	0.99709	3.03	0.53	10.3	5	
7.6	0.23	0.34	1.6	0.043	24	129	0.99305	3.12	0.7	10.4	5	
5.9	0.28	0.39	1.4	0.031	47	147	0.98836	3.08	0.64	12.9	7	
6.2	0.25	0.42	8	0.049	53	206	0.99586	3.16	0.47	9.1	6	
7.6	0.23	0.34	1.6	0.043	24	129	0.99305	3.12	0.7	10.4	5	
5.6	0.18	0.27	1.7	0.03	31	103	0.98892	3.35	0.37	12.9	6	
5.5	0.18	0.22	5.5	0.037	10	86	0.99156	3.46	0.44	12.2	5	
7.2	0.17	0.37	6.9	0.059	47	128	0.99322	3.08	0.46	11	7	
5	0.24	0.21	2.2	0.039	31	100	0.99098	3.69	0.62	11.7	6	
6.5	0.33	0.38	2.5	0.047	30	148	0.98964	3.17	0.43	12.7	6	
6.3	0.35	0.26	17.6	0.061	59	198	0.99918	3.11	0.49	8.8	5	
6.6	0.25	0.35	2.9	0.034	38	121	0.99008	3.19	0.4	12.8	6	
6.6	0.39	0.39	11.9	0.057	51	221	0.99851	3.26	0.51	8.9	6	
5.6	0.19	0.27	0.9	0.04	52	103	0.99026	3.5	0.39	11.2	5	
6.9	0.22	0.43	6.4	0.042	34	115	0.99293	3.05	0.51	10.8	6	
6.6	0.39	0.39	11.9	0.057	51	221	0.99851	3.26	0.51	8.9	6	
5.5	0.19	0.27	0.9	0.04	52	103	0.99026	3.5	0.39	11.2	5	
6.2	0.23	0.36	17.2	0.039	37	130	0.99946	3.23	0.43	8.8	6	
6.2	0.23	0.36	17.2	0.039	37	130	0.99946	3.23	0.43	8.8	6	
6.2	0.23	0.36	17.2	0.039	37	130	0.99946	3.23	0.43	8.8	6	
7.2	0.32	0.4	8.7	0.038	45	154	0.99568	3.2	0.47	10.4	6	
6.2	0.23	0.36	17.2	0.039	37	130	0.99946	3.23	0.43	8.8	6	
7.2	0.32	0.4	8.7	0.038	45	154	0.99568	3.2	0.47	10.4	6	
6.2	0.23	0.36	17.2	0.039	37	130	0.99946	3.23	0.43	8.8	6	
5.8	0.29	0.33	3.7	0.029	30	88	0.98994	3.25	0.42	12.3	6	
7.2	0.4	0.38	2.2	0.03	40	109	0.99075	3.27	0.46	12.6	6	
6.1	0.17	0.42	15.1	0.033	28	124	0.99684	2.87	0.47	9.5	5	
7.1	0.36	0.37	4.8	0.019	39	114	0.99036	3.08	0.49	12.7	7	
6.9	0.19	0.32	7.9	0.042	30	130	0.99456	3.4	0.39	10.5	6	
6.5	0.34	0.46	1	0.023	6	80	0.98865	3.15	0.54	12.9	6	
6.1	0.17	0.42	15.1	0.033	28	124	0.99684	2.87	0.47	9.5	5	
7.1	0.36	0.37	4.8	0.019	39	114	0.99036	3.08	0.49	12.7	7	
7.8	0.3	0.36	4.6	0.024	20	198	0.99222	3.06	0.66	11.9	6	
6.1	0.68	0.52	1.4	0.037	32	123	0.99022	3.24	0.45	12	6	
5.6	0.28	0.4	6.1	0.034	36	118	0.99144	3.21	0.43	12.1	7	
6.2	0.19	0.38	5.1	0.019	22	82	0.98961	3.05	0.36	12.5	6	
7.6	0.17	0.46	0.9	0.036	63	147	0.99126	3.02	0.41	10.7	6	
7.3	0.2	0.39	2.3	0.048	24	87	0.99044	2.94	0.35	12	6	
6.7	0.33	0.36	6.6	0.042	34	116	0.99123	2.97	0.31	12.2	8	
6.7	0.33	0.34	7.5	0.036	39	124	0.99123	2.99	0.32	12.4	8	
7.3	0.2	0.39	2.3	0.048	24	87	0.99044	2.94	0.35	12	6	
7.6	0.15	0.35	4.3	0.051	23	98	0.99422	3.1	0.44	9.5	6	
6.5	0.24	0.38	1	0.027	31	90	0.98926	3.24	0.36	12.3	6	
5.5	0.12	0.33	1	0.038	23	131	0.99164	3.25	0.45	9.8	5	
6.5	0.24	0.38	1	0.027	31	90	0.98926	3.24	0.36	12.3	6	
6.2	0.1	0.41	1	0.04	17	76	0.98988	3.14	0.56	11.4	7	
8.7	0.3	0.59	1.7	0.046	10	70	0.99373	3.06	0.56	10.8	4	
6.7	0.18	0.37	1.3	0.027	42	125	0.98939	3.24	0.37	12.8	7	
7	0.17	0.36	6.4	0.055	42	123	0.99318	3.11	0.5	11	8	
5.8	0.28	0.3	1.5	0.026	31	114	0.98952	3.32	0.6	12.5	7	
5.5	0.12	0.33	1	0.038	23	131	0.99164	3.25	0.45	9.8	5	
5.7	0.16	0.32	1.2	0.036	7	89	0.99111	3.26	0.48	11	5	
7	0.21	0.42	5.3	0.037	36	123	0.99321	3.14	0.52	10.9	6	
6.4	0.22	0.38	9.1	0.044	35	127	0.99326	2.97	0.3	11	7	
7.9	0.34	0.44	6.5	0.027	47	126	0.99124	2.96	0.37	12.5	6	
6.4	0.22	0.38	9.1	0.044	35	127	0.99326	2.97	0.3	11	7	
7.9	0.34	0.44	6.5	0.027	47	126	0.99124	2.96	0.37	12.5	6	
5.6	0.42	0.34	2.4	0.022	34	97	0.98915	3.22	0.38	12.8	7	
6.4	0.22	0.38	9.1	0.044	35	127	0.99326	2.97	0.3	11	7	
6.8	0.21	0.42	1.2	0.045	24	126	0.99234	3.09	0.87	10.9	6	
6.4	0.21	0.34	16.05	0.04	56	142	0.99678	3.11	0.38	10.6	5	
5.8	0.33	0.23	5	0.053	29	106	0.99458	3.13	0.52	9	5	
8.2	0.3	0.44	12.4	0.043	52	154	0.99452	3.04	0.33	12	6	
6.4	0.24	0.32	0.95	0.041	23	131	0.99033	3.25	0.35	11.8	5	
5.2	0.335	0.2	1.7	0.033	17	74	0.99002	3.34	0.48	12.3	6	
7.1	0.14	0.33	1	0.104	20	54	0.99057	3.19	0.64	11.5	6	
7.2	0.13	0.46	1.3	0.044	48	111	0.99127	2.97	0.45	11.1	5	
5.8	0.33	0.23	5	0.053	29	106	0.99458	3.13	0.52	9	5	
6.2	0.35	0.31	2.6	0.036	37	92	0.98938	3.27	0.53	12.8	7	
9	0.38	0.53	2.1	0.102	19	76	0.99001	2.93	0.57	12.9	5	
8.2	0.3	0.44	12.4	0.043	52	154	0.99452	3.04	0.33	12	6	
5.7	0.2	0.3	2.5	0.046	38	125	0.99276	3.34	0.5	9.9	6	
6.8	0.27	0.37	8.2	0.055	52	192	0.99586	3.11	0.52	9.5	6	
6.2	0.2	0.26	1.1	0.047	42	119	0.99158	3.48	0.6	11	7	
6.7	0.13	0.57	6.6	0.056	60	150	0.99548	2.96	0.43	9.4	6	
6.8	0.21	0.37	7	0.038	27	107	0.99206	2.98	0.82	11.5	6	
6.7	0.31	0.32	14.5	0.038	6	79	0.99412	3.14	0.34	12.5	5	
6.2	0.2	0.29	11.8	0.035	21	93	0.99364	3.18	0.34	11.9	6	
6.9	0.22	0.39	6	0.035	44	141	0.99123	3.11	0.33	12.5	6	
6.4	0.23	0.35	4.6	0.039	43	147	0.99216	3.18	0.4	11	7	
7.6	0.27	0.29	2.5	0.059	37	115	0.99328	3.09	0.37	9.8	5	
7	0.29	0.35	1.4	0.036	42	109	0.99119	3.31	0.62	11.6	6	
6.7	0.21	0.36	8.55	0.02	20	86	0.99146	3.19	0.22	13.4	7	
7.6	0.27	0.29	2.5	0.059	37	115	0.99328	3.09	0.37	9.8	5	
6.4	0.23	0.35	4.6	0.039	43	147	0.99216	3.18	0.4	11	7	
7.1	0.26	0.37	5.5	0.025	31	105	0.99082	3.06	0.33	12.6	8	
6.5	0.26	0.31	3.6	0.03	36	92	0.99026	3.22	0.62	12.6	8	
4.2	0.215	0.23	5.1	0.041	64	157	0.99688	3.42	0.44	8	3	
6.5	0.32	0.34	5.7	0.044	27	91	0.99184	3.28	0.6	12	7	
6.4	0.23	0.32	1.9	0.038	40	118	0.99074	3.32	0.53	11.8	7	
6.6	0.23	0.3	4.6	0.06	29	154	0.99142	3.23	0.49	12.2	8	
6.5	0.32	0.3	2.3	0.051	20	127	0.98964	3.13	0.52	12.8	6	
6.8	0.23	0.31	2.8	0.047	40	122	0.99126	3.06	0.64	10.9	7	
6.6	0.28	0.42	8.2	0.044	60	196	0.99562	3.14	0.48	9.4	5	
6.8	0.17	0.35	1.8	0.04	29	84	0.98961	2.91	0.57	12	7	
7.3	0.25	0.28	1.5	0.043	19	113	0.99338	3.38	0.56	10.1	6	
6.6	0.28	0.42	8.2	0.044	60	196	0.99562	3.14	0.48	9.4	5	
6.8	0.32	0.32	8.7	0.029	31	105	0.99146	3	0.34	12.3	7	
6.6	0.24	0.28	6.7	0.032	26	91	0.99172	3.13	0.32	12.3	6	
6	0.32	0.3	1.9	0.033	41	142	0.98912	3.29	0.42	12.8	7	
6	0.32	0.3	1.9	0.033	41	142	0.98912	3.29	0.42	12.8	7	
6.7	0.46	0.27	5.2	0.039	35	96	0.99129	3.16	0.44	12.4	7	
6.3	0.3	0.29	2.1	0.048	33	142	0.98956	3.22	0.46	12.9	7	
5.8	0.18	0.37	1.1	0.036	31	96	0.98942	3.16	0.48	12	6	
6.6	0.16	0.35	1.8	0.042	26	105	0.98962	3.19	0.75	12.4	7	
6	0.26	0.33	4.35	0.04	15	80	0.98934	3.29	0.5	12.7	6	
6.9	0.17	0.3	2	0.047	13	117	0.99152	3.16	0.51	11.6	6	
5.8	0.17	0.36	1.3	0.036	11	70	0.99202	3.43	0.68	10.4	7	
6.8	0.23	0.32	8.6	0.046	47	159	0.99452	3.08	0.52	10.5	6	
6.6	0.425	0.25	2.35	0.034	23	87	0.99082	3.05	0.41	11.4	6	
7.6	0.17	0.27	4.6	0.05	23	98	0.99422	3.08	0.47	9.5	6	
6.2	0.3	0.31	1.2	0.048	19	125	0.98999	3.32	0.54	12.6	6	
7.6	0.17	0.27	4.6	0.05	23	98	0.99422	3.08	0.47	9.5	6	
6.7	0.18	0.24	10.3	0.057	64	185	0.99519	3.12	0.5	10.6	6	
6	0.22	0.33	12.2	0.033	25	97	0.99356	3.17	0.42	11.3	7	
7	0.4	0.25	1.8	0.05	51	189	0.99174	3	0.55	11.4	6	
6.5	0.28	0.34	3.6	0.04	29	121	0.99111	3.28	0.48	12.1	7	
6.5	0.28	0.34	3.6	0.04	29	121	0.99111	3.28	0.48	12.1	7	
8.8	0.39	0.35	1.8	0.096	22	80	0.99016	2.95	0.54	12.6	6	
6.9	0.29	0.3	8.2	0.026	35	112	0.99144	3	0.37	12.3	6	
6.5	0.25	0.45	7.8	0.048	52	188	0.99576	3.2	0.53	9.1	5	
6.3	0.19	0.29	5.5	0.042	44	189	0.99304	3.19	0.47	10.3	6	
5.8	0.18	0.28	1.3	0.034	9	94	0.99092	3.21	0.52	11.2	6	
8.9	0.3	0.35	4.6	0.032	32	148	0.99458	3.15	0.45	11.5	7	
6	0.14	0.17	5.6	0.036	37	127	0.99373	3.05	0.57	9.8	6	
6.8	0.24	0.29	9.5	0.042	56	157	0.99586	3.11	0.51	10.1	6	
8.9	0.3	0.35	4.6	0.032	32	148	0.99458	3.15	0.45	11.5	7	
6.1	0.3	0.3	2.1	0.031	50	163	0.9895	3.39	0.43	12.7	7	
6.1	0.3	0.3	2.1	0.031	50	163	0.9895	3.39	0.43	12.7	7	
6.3	0.29	0.28	4.7	0.059	28	81	0.99036	3.24	0.56	12.7	8	
7.1	0.18	0.39	15.25	0.047	45	158	0.99946	3.34	0.77	9.1	6	
6.7	0.4	0.22	8.8	0.052	24	113	0.99576	3.22	0.45	9.4	5	
6.7	0.4	0.22	8.8	0.052	24	113	0.99576	3.22	0.45	9.4	5	
6.8	0.17	0.32	1.4	0.04	35	106	0.99026	3.16	0.66	12	5	
7.1	0.25	0.28	1.2	0.04	31	111	0.99174	3.18	0.53	11.1	5	
7.3	0.23	0.24	0.9	0.031	29	86	0.98926	2.9	0.38	12.2	6	
5.8	0.32	0.2	2.6	0.027	17	123	0.98936	3.36	0.78	13.9	7	
6.8	0.19	0.4	9.85	0.055	41	103	0.99532	2.98	0.56	10.5	6	
6.8	0.19	0.4	9.85	0.055	41	103	0.99532	2.98	0.56	10.5	6	
6.5	0.3	0.27	4	0.038	37	97	0.99026	3.2	0.6	12.6	8	
6.2	0.36	0.45	10.4	0.06	22	184	0.99711	3.31	0.56	9.8	6	
6.2	0.37	0.24	6.1	0.032	19	86	0.98934	3.04	0.26	13.4	8	
6.2	0.36	0.45	10.4	0.06	22	184	0.99711	3.31	0.56	9.8	6	
5.9	0.32	0.28	4.7	0.039	34	94	0.98964	3.22	0.57	13.1	7	
6.5	0.3	0.27	4	0.038	37	97	0.99026	3.2	0.6	12.6	8	
5.4	0.45	0.27	6.4	0.033	20	102	0.98944	3.22	0.27	13.4	8	
6.2	0.37	0.24	6.1	0.032	19	86	0.98934	3.04	0.26	13.4	8	
8	0.2	0.44	1	0.057	24	111	0.99158	3.09	0.32	11.2	6	
6	0.24	0.28	3.95	0.038	61	134	0.99146	3.3	0.54	11.3	7	
7.1	0.36	0.28	2.4	0.036	35	115	0.98936	3.19	0.44	13.5	7	
6.5	0.19	0.28	1.4	0.046	22	90	0.99038	3.18	0.51	11.7	7	
6.3	0.21	0.31	1.2	0.043	30	117	0.99158	3.49	0.68	11	6	
7.7	0.38	0.23	10.8	0.03	28	95	0.99164	2.93	0.41	13.6	6	
8.9	0.27	0.28	0.8	0.024	29	128	0.98984	3.01	0.35	12.4	6	
6.9	0.75	0.13	6.3	0.036	19	50	0.99312	3.09	0.25	11.1	4	
6.6	0.22	0.3	14.7	0.045	50	136	0.99704	3.14	0.37	10.6	6	
6.5	0.28	0.25	4.8	0.029	54	128	0.99074	3.17	0.44	12.2	7	
7.2	0.27	0.31	1.2	0.031	27	80	0.98892	3.03	0.33	12.7	6	
6.6	0.23	0.37	8.5	0.036	46	153	0.99576	3.2	0.48	9.4	6	
6.6	0.23	0.37	8.5	0.036	46	153	0.99576	3.2	0.48	9.4	6	
7.2	0.14	0.32	1.1	0.022	48	116	0.99218	3.04	0.67	10	6	
4.8	0.21	0.21	10.2	0.037	17	112	0.99324	3.66	0.48	12.2	7	
7.5	0.34	0.24	3.85	0.031	5	34	0.99098	3.01	0.36	11.8	4	
6.6	0.64	0.28	4.4	0.032	19	78	0.99036	3.11	0.62	12.9	6	
6.6	0.64	0.28	4.4	0.032	19	78	0.99036	3.11	0.62	12.9	6	
8	0.25	0.27	9.7	0.036	15	85	0.99406	2.99	0.36	11.2	6	
6.9	0.26	0.27	4.2	0.031	20	80	0.99089	3.12	0.39	11.5	6	
8	0.25	0.27	9.7	0.036	15	85	0.99406	2.99	0.36	11.2	6	
6.9	0.26	0.27	4.2	0.031	20	80	0.99089	3.12	0.39	11.5	6	
6.8	0.18	0.28	1.1	0.027	32	112	0.99089	3.15	0.45	11	7	
6.7	0.22	0.22	1.2	0.038	5	124	0.99098	3.1	0.37	11.2	4	
7	0.24	0.35	1	0.032	42	104	0.98988	3.16	0.37	11.7	7	
6.6	0.19	0.35	1.5	0.037	37	107	0.99006	3.18	0.68	12	7	
5.6	0.28	0.27	3.9	0.043	52	158	0.99202	3.35	0.44	10.7	7	
6.8	0.19	0.32	7.6	0.049	37	107	0.99332	3.12	0.44	10.7	7	
7.2	0.16	0.29	1	0.031	40	123	0.98958	3.12	0.4	12.1	7	
6.6	0.17	0.28	1.1	0.034	55	108	0.98939	3	0.52	11.9	7	
5.8	0.2	0.24	1.4	0.033	65	169	0.99043	3.59	0.56	12.3	7	
6.6	0.295	0.24	1.6	0.039	29	140	0.99304	3.35	0.61	10.4	7	
6.4	0.38	0.24	7.2	0.047	41	151	0.99604	3.11	0.6	9.2	5	
6.8	0.14	0.18	1.4	0.047	30	90	0.99164	3.27	0.54	11.2	6	
6.8	0.14	0.18	1.4	0.047	30	90	0.99164	3.27	0.54	11.2	6	
6.4	0.38	0.24	7.2	0.047	41	151	0.99604	3.11	0.6	9.2	5	
6.3	0.2	0.26	4.7	0.04	108	168	0.99278	3.07	0.75	10.7	7	
6.6	0.36	0.28	6.1	0.029	12	93	0.99054	3.19	0.27	12.8	7	
6.5	0.26	0.39	1.4	0.02	12	66	0.99089	3.25	0.75	11.3	7	
6.4	0.29	0.32	2.4	0.014	34	89	0.99008	3.24	0.66	12.5	7	
6.4	0.29	0.24	3.2	0.037	31	95	0.98942	2.9	0.66	12.6	7	
7.1	0.28	0.28	8.5	0.03	25	191	0.99338	3.16	0.46	12.2	7	
5.7	0.15	0.47	11.4	0.035	49	128	0.99456	3.03	0.34	10.5	8	
5.8	0.32	0.28	4.3	0.032	46	115	0.98946	3.16	0.57	13	8	
6.5	0.26	0.31	1.3	0.034	59	145	0.98944	3.16	0.54	12.4	6	
5	0.29	0.54	5.7	0.035	54	155	0.98976	3.27	0.34	12.9	8	
5.8	0.32	0.28	4.3	0.032	46	115	0.98946	3.16	0.57	13	8	
5.9	0.37	0.32	1.6	0.029	41	102	0.98916	3.41	0.55	12.7	7	
6.8	0.31	0.3	8	0.028	33	122	0.99164	3.13	0.63	12.6	7	
6.8	0.31	0.3	8	0.028	33	122	0.99164	3.13	0.63	12.6	7	
6.3	0.22	0.34	1.2	0.036	32	96	0.98961	3.06	0.74	11.6	6	
6.6	0.26	0.22	18.15	0.05	23	139	0.99904	3.06	0.5	9.2	5	
7.5	0.24	0.31	13.1	0.05	26	180	0.99884	3.05	0.53	9.1	6	
7.5	0.24	0.31	13.1	0.05	26	180	0.99884	3.05	0.53	9.1	6	
7.5	0.24	0.31	13.1	0.05	26	180	0.99884	3.05	0.53	9.1	6	
7.5	0.24	0.31	13.1	0.05	26	180	0.99884	3.05	0.53	9.1	6	
6.7	0.34	0.43	1.6	0.041	29	114	0.99014	3.23	0.44	12.6	6	
7.7	0.35	0.46	11.8	0.088	61	183	0.99786	2.86	0.47	9	5	
6.7	0.31	0.09	1.4	0.039	53	141	0.99206	3.12	0.44	10.1	5	
7.5	0.24	0.31	13.1	0.05	26	180	0.99884	3.05	0.53	9.1	6	
6.3	0.2	0.18	10.6	0.045	57	159	0.99666	3.09	0.54	9.2	5	
6.8	0.22	0.26	1.2	0.041	29	182	0.99104	3.04	0.35	11.2	5	
6.3	0.18	0.24	3.4	0.053	20	119	0.99373	3.11	0.52	9.2	6	
6.6	0.26	0.22	18.15	0.05	23	139	0.99904	3.06	0.5	9.2	5	
6.3	0.34	0.27	2.5	0.024	40	152	0.99095	3.35	0.6	11.9	7	
7.5	0.28	0.41	1.3	0.044	11	126	0.99293	3.28	0.45	10.3	5	
7.5	0.28	0.41	1.3	0.044	11	126	0.99293	3.28	0.45	10.3	5	
6.5	0.32	0.48	8	0.026	18	88	0.99144	3.22	0.79	12.7	4	
7.1	0.21	0.72	1.6	0.167	65	120	0.99324	2.97	0.51	9.2	5	
5.6	0.26	0.18	1.4	0.034	18	135	0.99174	3.32	0.35	10.2	6	
7	0.15	0.28	14.7	0.051	29	149	0.99792	2.96	0.39	9	7	
7	0.15	0.28	14.7	0.051	29	149	0.99792	2.96	0.39	9	7	
7	0.15	0.28	14.7	0.051	29	149	0.99792	2.96	0.39	9	7	
7	0.15	0.28	14.7	0.051	29	149	0.99792	2.96	0.39	9	7	
7	0.15	0.28	14.7	0.051	29	149	0.99792	2.96	0.39	9	7	
7	0.15	0.28	14.7	0.051	29	149	0.99792	2.96	0.39	9	7	
7	0.15	0.28	14.7	0.051	29	149	0.99792	2.96	0.39	9	7	
7.4	0.27	0.28	1.8	0.04	45	121	0.99043	3.02	0.4	11.9	5	
6.3	0.28	0.29	6.8	0.051	40	143	0.99374	3.43	0.59	11	6	
7	0.15	0.28	14.7	0.051	29	149	0.99792	2.96	0.39	9	7	
6.5	0.26	0.34	1.4	0.04	25	184	0.99216	3.29	0.46	10.7	5	
7.8	0.19	0.32	7.4	0.015	47	124	0.99278	2.99	0.39	11	6	
6.5	0.26	0.34	1.4	0.04	25	184	0.99216	3.29	0.46	10.7	5	
7.8	0.19	0.32	7.4	0.015	47	124	0.99278	2.99	0.39	11	6	
7.4	0.27	0.31	2.4	0.014	15	143	0.99094	3.03	0.65	12	4	
6.1	0.27	0.28	9.8	0.042	61	125	0.99532	3.14	0.42	10.2	6	
6.5	0.25	0.27	17.4	0.064	29	140	0.99776	3.2	0.49	10.1	6	
5.6	0.19	0.31	2.7	0.027	11	100	0.98964	3.46	0.4	13.2	7	
6.6	0.27	0.52	8.1	0.044	53	202	0.99548	3.18	0.48	9.5	5	
6.6	0.26	0.52	8.2	0.047	52	191	0.99541	3.16	0.47	9.5	6	
6.5	0.25	0.27	17.4	0.064	29	140	0.99776	3.2	0.49	10.1	6	
7.2	0.17	0.34	6.4	0.042	16	111	0.99278	2.99	0.4	10.8	6	
7.2	0.17	0.34	6.4	0.042	16	111	0.99278	2.99	0.4	10.8	6	
6.3	0.43	0.32	8.8	0.042	18	106	0.99172	3.28	0.33	12.9	7	
5.1	0.35	0.26	6.8	0.034	36	120	0.99188	3.38	0.4	11.5	6	
5.1	0.35	0.26	6.8	0.034	36	120	0.99188	3.38	0.4	11.5	6	
6.3	0.3	0.2	3.7	0.039	34	132	0.99158	3	0.38	10.7	5	
6.7	0.46	0.21	4	0.034	12	88	0.99016	3.26	0.54	13	6	
5.1	0.35	0.26	6.8	0.034	36	120	0.99188	3.38	0.4	11.5	6	
5.1	0.23	0.18	1	0.053	13	99	0.98956	3.22	0.39	11.5	5	
8	0.27	0.33	1.2	0.05	41	103	0.99002	3	0.45	12.4	6	
8	0.27	0.33	1.2	0.05	41	103	0.99002	3	0.45	12.4	6	
7.5	0.26	0.31	1.6	0.032	36	109	0.99044	2.97	0.43	11.9	6	
6.6	0.32	0.26	4.6	0.031	26	120	0.99198	3.4	0.73	12.5	7	
5.9	0.18	0.29	4.6	0.032	68	137	0.99159	3.21	0.38	11.3	6	
6.1	0.21	0.3	6.3	0.039	47	136	0.99068	3.27	0.31	12.7	6	
6	0.31	0.38	4.8	0.04	41	101	0.98968	3.24	0.56	13.1	6	
8.4	0.23	0.32	1.3	0.048	59	113	0.99178	3.1	0.55	11	6	
7.6	0.37	0.51	11.7	0.094	58	181	0.99776	2.91	0.51	9	5	
6.8	0.73	0.2	6.6	0.054	25	65	0.99324	3.12	0.28	11.1	4	
6.4	0.38	0.26	8.2	0.043	28	98	0.99234	2.99	0.31	11.4	6	
6	0.21	0.3	8.7	0.036	47	127	0.99368	3.18	0.39	10.6	5	
6	0.21	0.3	8.7	0.036	47	127	0.99368	3.18	0.39	10.6	5	
5.8	0.27	0.26	3.5	0.071	26	69	0.98994	3.1	0.38	11.5	6	
6.2	0.39	0.24	4.8	0.037	45	138	0.99174	3.23	0.43	11.2	7	
6.2	0.39	0.24	4.8	0.037	45	138	0.99174	3.23	0.43	11.2	7	
7.2	0.23	0.82	1.3	0.149	70	109	0.99304	2.93	0.42	9.2	6	
6.2	0.39	0.24	4.8	0.037	45	138	0.99174	3.23	0.43	11.2	7	
6.6	0.31	0.28	1.4	0.035	28	107	0.98836	3	0.4	13.2	6	
6.5	0.22	0.31	3.9	0.046	17	106	0.99098	3.15	0.31	11.5	5	
6.1	0.28	0.26	1.5	0.03	25	101	0.98894	3.03	0.41	12.1	6	
6.9	0.22	0.28	7.8	0.05	43	116	0.99326	3.22	0.6	11.5	8	
7.3	0.27	0.3	1.3	0.04	26	84	0.99222	3.28	0.53	10.7	6	
6	0.3	0.33	2.1	0.042	31	127	0.98964	3.32	0.42	12.5	6	
6.1	0.3	0.32	2.2	0.042	41	142	0.98952	3.31	0.44	12.7	7	
5.7	0.14	0.3	5.4	0.045	26	105	0.99469	3.32	0.45	9.3	5	
8.4	0.22	0.3	1.3	0.038	45	122	0.99178	3.13	0.54	10.8	7	
7.7	0.31	0.36	4.3	0.026	15	87	0.99152	3.11	0.48	12	5	
7.3	0.38	0.23	6.5	0.05	18	102	0.99304	3.1	0.55	11.2	4	
6.3	0.27	0.51	7.6	0.049	35	200	0.99548	3.16	0.54	9.4	4	
6.4	0.17	0.3	2.8	0.034	33	125	0.99152	3.03	0.49	10.4	6	
6.4	0.17	0.3	2.8	0.034	33	125	0.99152	3.03	0.49	10.4	6	
6.3	0.27	0.51	7.6	0.049	35	200	0.99548	3.16	0.54	9.4	4	
6.8	0.11	0.27	8.6	0.044	45	104	0.99454	3.2	0.37	9.9	6	
6.8	0.11	0.27	8.6	0.044	45	104	0.99454	3.2	0.37	9.9	6	
6.8	0.11	0.27	8.6	0.044	45	104	0.99454	3.2	0.37	9.9	6	
6	0.26	0.29	3.1	0.041	37	144	0.98944	3.22	0.39	12.8	7	
6.8	0.14	0.35	1.5	0.047	40	117	0.99111	3.07	0.72	11.1	6	
6.5	0.38	0.26	5.2	0.042	33	112	0.99067	3.06	0.5	12.3	7	
6.8	0.14	0.35	1.5	0.047	40	117	0.99111	3.07	0.72	11.1	6	
6	0.26	0.29	3.1	0.041	37	144	0.98944	3.22	0.39	12.8	7	
7	0.23	0.42	1.1	0.062	35	100	0.99318	3.04	0.4	9.2	5	
6	0.28	0.27	4.1	0.046	50	147	0.99126	3.27	0.56	11.6	6	
6.4	0.26	0.26	1.1	0.052	22	176	0.99304	3.09	0.54	9.3	5	
7.5	0.26	0.38	5.7	0.021	23	125	0.99338	3.13	0.62	11.1	6	
7.3	0.34	0.22	1.4	0.044	43	176	0.99286	3.14	0.46	9.9	5	
6.9	0.19	0.35	13.5	0.038	49	118	0.99546	3	0.63	10.7	6	
6.9	0.19	0.35	13.5	0.038	49	118	0.99546	3	0.63	10.7	6	
6.9	0.19	0.35	13.5	0.038	49	118	0.99546	3	0.63	10.7	6	
5.7	0.25	0.21	1.5	0.044	21	108	0.99142	3.3	0.59	11	6	
6.5	0.33	0.24	14.5	0.048	20	96	0.99456	3.06	0.3	11.5	8	
7	0.2	0.4	1.1	0.058	30	93	0.99322	3.03	0.38	9.2	6	
6.8	0.27	0.24	4.6	0.098	36	127	0.99412	3.15	0.49	9.6	6	
6.7	0.24	0.3	10.2	0.07	44	179	0.99666	2.86	0.46	8.9	6	
6.6	0.41	0.27	10.7	0.11	20	103	0.99672	3.08	0.41	9	6	
6.6	0.41	0.27	10.7	0.11	20	103	0.99672	3.08	0.41	9	6	
6.9	0.37	0.23	9.5	0.057	54	166	0.99568	3.23	0.42	10	5	
6.9	0.37	0.23	9.5	0.057	54	166	0.99568	3.23	0.42	10	5	
6.9	0.3	0.45	1.4	0.039	36	122	0.99059	3.07	0.47	11.1	7	
5.3	0.23	0.56	0.9	0.041	46	141	0.99119	3.16	0.62	9.7	5	
6.8	0.3	0.26	20.3	0.037	45	150	0.99727	3.04	0.38	12.3	6	
7.6	0.4	0.27	1.2	0.053	23	193	0.99164	3.22	0.38	11.6	5	
5.5	0.21	0.25	1.2	0.04	18	75	0.99006	3.31	0.56	11.3	6	
6.1	0.17	0.29	1.1	0.041	32	92	0.99036	3.26	0.57	11.2	6	
7.5	0.21	0.29	1.5	0.046	35	107	0.99123	3.15	0.45	11.3	6	
6.5	0.43	0.31	3.6	0.046	19	143	0.99022	3.15	0.34	12	8	
6	0.13	0.36	1.6	0.052	23	72	0.98974	3.1	0.5	11.5	7	
6.8	0.29	0.32	1.8	0.032	18	130	0.99095	3.05	0.62	11.2	6	
5.9	0.26	0.24	2.4	0.046	27	132	0.99234	3.63	0.73	11.3	5	
5.9	0.65	0.23	5	0.035	20	128	0.99016	3.46	0.48	12.8	6	
6.8	0.26	0.29	11.9	0.052	54	160	0.99546	3.03	0.58	10.4	6	
7	0.31	0.35	1.6	0.063	13	119	0.99184	3.22	0.5	10.7	5	
6.8	0.34	0.27	5.2	0.06	14	169	0.99252	3.27	0.57	11.6	6	
6.8	0.24	0.33	3.2	0.049	68	161	0.99324	3.1	0.69	10.2	6	
6.4	0.25	0.33	1.7	0.037	35	113	0.99164	3.23	0.66	10.6	6	
7	0.22	0.3	1.4	0.04	14	63	0.98985	3.2	0.33	12	6	
5.8	0.22	0.29	1.3	0.036	25	68	0.98865	3.24	0.35	12.6	6	
7.9	0.36	0.53	12.9	0.049	63	139	0.99792	2.94	0.45	9.1	5	
6.7	0.41	0.27	2.6	0.033	25	85	0.99086	3.05	0.34	11.7	6	
6.7	0.41	0.27	2.6	0.033	25	85	0.99086	3.05	0.34	11.7	6	
5.9	0.32	0.2	14.4	0.05	29	144	0.99666	3.24	0.41	10.3	6	
5.6	0.23	0.29	3.1	0.023	19	89	0.99068	3.25	0.51	11.2	6	
8	0.33	0.32	4.6	0.041	31	180	0.99184	2.92	0.74	12.2	6	
6	0.19	0.29	1.2	0.046	29	92	0.99033	3.22	0.53	11.3	6	
5.4	0.22	0.35	6.5	0.029	26	87	0.99092	3.29	0.44	12.5	7	
6.3	0.26	0.25	5.2	0.046	11	133	0.99202	2.97	0.68	11	6	
7.5	0.35	0.37	2.5	0.066	29	89	0.98964	3.14	0.42	12.7	6	
6.6	0.39	0.28	9.2	0.036	10	92	0.99206	3.07	0.35	12.1	6	
5.7	0.28	0.36	1.8	0.041	38	90	0.99002	3.27	0.98	11.9	7	
6.4	0.27	0.29	3.9	0.034	62	140	0.99237	3.1	0.59	11.1	6	
5.3	0.47	0.1	1.3	0.036	11	74	0.99082	3.48	0.54	11.2	4	
5.8	0.32	0.23	1.5	0.033	39	121	0.9887	2.96	0.35	12	5	
6.2	0.36	0.22	5.25	0.038	44	145	0.99184	3.22	0.4	11.2	6	
6	0.31	0.27	2.3	0.042	19	120	0.98952	3.32	0.41	12.7	7	
5.8	0.2	0.16	1.4	0.042	44	99	0.98912	3.23	0.37	12.2	6	
6.2	0.36	0.22	5.25	0.038	44	145	0.99184	3.22	0.4	11.2	6	
6	0.31	0.27	2.3	0.042	19	120	0.98952	3.32	0.41	12.7	7	
6	0.29	0.27	2.3	0.044	20	117	0.9895	3.31	0.41	12.7	7	
5.7	0.22	0.29	3.5	0.04	27	146	0.98999	3.17	0.36	12.1	6	
6.9	0.42	0.2	15.4	0.043	57	201	0.99848	3.08	0.54	9.4	5	
5.6	0.18	0.29	2.3	0.04	5	47	0.99126	3.07	0.45	10.1	4	
7	0.2	0.33	4.7	0.03	25	76	0.99202	2.88	0.54	10.5	6	
7	0.2	0.35	8.8	0.037	31	103	0.99388	3.13	0.49	11	6	
6.3	0.28	0.3	6.6	0.208	60	154	0.99478	3.1	0.4	9.4	6	
6.4	0.29	0.3	6.5	0.209	62	156	0.99478	3.1	0.4	9.4	5	
6.5	0.22	0.27	1.6	0.039	36	116	0.99178	3.38	0.57	11	7	
6.6	0.34	0.25	4.8	0.038	16	121	0.99198	3.36	0.71	12.6	6	
6.4	0.27	0.3	1.6	0.04	19	86	0.99089	3.32	0.65	11.5	6	
6.3	0.41	0.22	7.3	0.035	23	117	0.99172	3.2	0.39	11.94	7	
6.3	0.41	0.22	7.3	0.035	23	117	0.99172	3.2	0.39	11.94	7	
6.4	0.26	0.35	7.7	0.056	45	191	0.99527	3.16	0.5	9.5	5	
7.4	0.16	0.33	1.2	0.042	47	121	0.99198	3.04	0.68	10.5	7	
5.9	0.2	0.28	1	0.043	45	100	0.99033	3.4	0.41	11.4	6	
5.8	0.22	0.25	1.5	0.024	21	109	0.99234	3.37	0.58	10.4	6	
7.1	0.2	0.35	3.2	0.034	21	107	0.99195	3.11	0.54	11.1	6	
7.1	0.23	0.3	2.6	0.034	62	148	0.99121	3.03	0.56	11.3	7	
6.4	0.31	0.28	2.5	0.039	34	137	0.98946	3.22	0.38	12.7	6	
7.3	0.28	0.35	1.6	0.054	31	148	0.99178	3.18	0.47	10.7	5	
7.4	0.16	0.3	1.4	0.064	34	166	0.99136	3.11	0.42	11.43333333	6	
6.4	0.31	0.28	2.5	0.039	34	137	0.98946	3.22	0.38	12.7	6	
6.2	0.29	0.29	5.6	0.046	35	178	0.99313	3.25	0.51	10.53333333	5	
7.3	0.28	0.35	1.6	0.054	31	148	0.99178	3.18	0.47	10.7	5	
6.5	0.2	0.33	1.5	0.039	36	110	0.99008	3.22	0.65	12	6	
6.4	0.29	0.21	9.65	0.041	36	119	0.99334	2.99	0.34	10.93333333	6	
6.3	0.19	0.33	10.1	0.063	63	133	0.99561	2.86	0.41	9.1	5	
6.5	0.3	0.28	11.45	0.041	29	109	0.99418	2.98	0.3	10.9	6	
6.4	0.29	0.21	9.65	0.041	36	119	0.99334	2.99	0.34	10.93333333	6	
6.1	0.34	0.21	5	0.042	17	133	0.99373	3.02	0.53	9.4	5	
6.5	0.315	0.2	6.6	0.041	9	126	0.99494	2.94	0.51	8.8	5	
6.1	0.34	0.21	5	0.042	17	133	0.99373	3.02	0.53	9.4	5	
5.7	0.31	0.29	7.3	0.05	33	143	0.99332	3.31	0.5	11.06666667	6	
6.4	0.3	0.27	5	0.058	27	151	0.99198	3.22	0.49	12.2	6	
7	0.24	0.26	1.7	0.041	31	110	0.99142	3.2	0.53	11	6	
6.3	0.29	0.29	3.3	0.037	32	140	0.9895	3.17	0.36	12.8	7	
6.3	0.19	0.32	2.8	0.046	18	80	0.99043	2.92	0.47	11.05	6	
6.3	0.29	0.29	3.3	0.037	32	140	0.9895	3.17	0.36	12.8	7	
6.2	0.21	0.52	6.5	0.047	28	123	0.99418	3.22	0.49	9.9	6	
6.9	0.44	0.27	5	0.038	33	166	0.99124	3.2	0.42	12.2	6	
6.6	0.38	0.28	2.8	0.043	17	67	0.98924	3.21	0.47	13.2	6	
6.1	0.21	0.19	1.4	0.046	51	131	0.99184	3.22	0.39	10.5	5	
7.2	0.47	0.16	5.9	0.048	14	125	0.99428	3.09	0.49	9.8	5	
6.7	0.34	0.31	16.4	0.051	20	146	0.99834	3.06	0.54	9.1	5	
6.7	0.34	0.31	16.4	0.051	20	146	0.99834	3.06	0.54	9.1	5	
7.2	0.47	0.16	5.9	0.048	14	125	0.99428	3.09	0.49	9.8	5	
6.6	0.38	0.29	2.9	0.035	15	101	0.98916	3.04	0.37	12.5	6	
6.9	0.29	0.25	12.2	0.04	29	136	0.99552	3.05	0.65	10.4	6	
6.3	0.39	0.22	2.8	0.048	53	173	0.99304	3.24	0.45	9.8	5	
6.6	0.38	0.29	2.9	0.035	15	101	0.98916	3.04	0.37	12.5	6	
6.6	0.35	0.26	2.7	0.045	19	129	0.98952	3.24	0.48	13	7	
7.7	0.28	0.24	2.4	0.044	29	157	0.99312	3.27	0.56	10.6	6	
7.1	0.42	0.2	2.8	0.038	28	109	0.98968	3.23	0.47	13.4	6	
6.7	0.32	0.32	1.7	0.031	31	114	0.98946	3.12	0.35	12.5	6	
6.2	0.21	0.24	1.2	0.051	31	95	0.99036	3.24	0.57	11.3	6	
6.4	0.23	0.27	2.1	0.042	35	100	0.99094	3.03	0.63	10.9	6	
7.1	0.36	0.2	1.6	0.271	24	140	0.99356	3.11	0.63	9.8	5	
5.7	0.22	0.33	1.9	0.036	37	110	0.98945	3.26	0.58	12.4	6	
6	0.2	0.38	1.3	0.034	37	104	0.98865	3.11	0.52	12.7	6	
5.9	0.22	0.45	22.6	0.12	55	122	0.99636	3.1	0.35	12.8	5	
6.7	0.31	0.33	2	0.033	12	74	0.99064	3.29	0.65	12.5	6	
6.7	0.48	0.49	2.9	0.03	28	122	0.98926	3.13	0.4	13	6	
6.7	0.48	0.49	2.9	0.03	28	122	0.98926	3.13	0.4	13	6	
5.8	0.3	0.33	3.5	0.033	25	116	0.99057	3.2	0.44	11.7	6	
6	0.23	0.34	1.3	0.025	23	111	0.98961	3.36	0.37	12.7	6	
6	0.23	0.34	1.3	0.025	23	111	0.98961	3.36	0.37	12.7	6	
6.4	0.23	0.37	7.9	0.05	60	150	0.99488	2.86	0.49	9.3	6	
5	0.33	0.23	11.8	0.03	23	158	0.99322	3.41	0.64	11.8	6	
6.4	0.3	0.33	5.2	0.05	30	137	0.99304	3.26	0.58	11.1	5	
6.7	0.53	0.29	4.3	0.069	20	114	0.99014	3.22	0.59	13.4	6	
6.8	0.38	0.29	9.9	0.037	40	146	0.99326	3.11	0.37	11.5	6	
6.2	0.36	0.27	3.2	0.032	13	73	0.98942	2.9	0.69	12.6	7	
6	0.615	0.04	0.8	0.032	8	50	0.99036	3.14	0.4	11	4	
5.9	0.42	0.36	2.4	0.034	19	77	0.99184	3.25	0.48	10.9	5	
7.3	0.28	0.37	1.2	0.039	26	99	0.99198	3.01	0.62	10.8	5	
7.5	0.305	0.38	1.4	0.047	30	95	0.99158	3.22	0.52	11.5	7	
6.4	0.4	0.25	4.2	0.032	15	91	0.98988	3.26	0.52	13.1	6	
6.6	0.21	0.39	2.3	0.041	31	102	0.99221	3.22	0.58	10.9	7	
6.2	0.28	0.41	5	0.043	50	188	0.99318	3.23	0.64	10.8	6	
5.8	0.345	0.15	10.8	0.033	26	120	0.99494	3.25	0.49	10	6	
6.6	0.26	0.36	1.2	0.035	43	126	0.99094	3.01	0.63	11.4	6	
5.7	0.24	0.3	1.3	0.03	25	98	0.98968	3.37	0.43	12.4	7	
5.9	0.18	0.28	1	0.037	24	88	0.99094	3.29	0.55	10.65	7	
5.8	0.26	0.29	1	0.042	35	101	0.99044	3.36	0.48	11.4	7	
7.1	0.43	0.25	2.8	0.036	43	132	0.98975	3.21	0.47	13.4	6	
6.6	0.25	0.25	1.3	0.04	28	85	0.98984	2.87	0.48	11.2	6	
5.7	0.21	0.37	4.5	0.04	58	140	0.99332	3.29	0.62	10.6	6	
6.5	0.25	0.32	9.9	0.045	41	128	0.99636	3.18	0.52	9.6	6	
6.7	0.16	0.32	12.5	0.035	18	156	0.99666	2.88	0.36	9	6	
6.7	0.16	0.32	12.5	0.035	18	156	0.99666	2.88	0.36	9	6	
6.7	0.16	0.32	12.5	0.035	18	156	0.99666	2.88	0.36	9	6	
6.7	0.16	0.32	12.5	0.035	18	156	0.99666	2.88	0.36	9	6	
6.7	0.16	0.32	12.5	0.035	18	156	0.99666	2.88	0.36	9	6	
6.7	0.35	0.32	9	0.032	29	113	0.99188	3.13	0.65	12.9	7	
6.1	0.15	0.4	1.2	0.03	19	84	0.98926	3.19	0.96	13	6	
6.7	0.35	0.32	9	0.032	29	113	0.99188	3.13	0.65	12.9	7	
7	0.27	0.74	1.3	0.173	34	121	0.99334	3.04	0.46	9.2	6	
5.9	0.12	0.28	1.4	0.037	36	83	0.99074	3.33	0.42	10.9	7	
5.9	0.21	0.31	1.8	0.033	45	142	0.98984	3.35	0.5	12.7	6	
6.4	0.28	0.28	3	0.04	19	98	0.99216	3.25	0.47	11.1	6	
4.8	0.225	0.38	1.2	0.074	47	130	0.99132	3.31	0.4	10.3	6	
6.6	0.27	0.32	1.3	0.044	18	93	0.99044	3.11	0.56	12.25	5	
6	0.25	0.28	7.7	0.053	37	132	0.99489	3.06	0.5	9.4	6	
6.3	0.48	0.48	1.8	0.035	35	96	0.99121	3.49	0.74	12.2	6	
6	0.25	0.28	7.7	0.053	37	132	0.99489	3.06	0.5	9.4	6	
7.2	0.21	0.31	10.5	0.035	36	122	0.99478	3.12	0.4	10.6	6	
5.3	0.31	0.38	10.5	0.031	53	140	0.99321	3.34	0.46	11.7	6	
5.3	0.31	0.38	10.5	0.031	53	140	0.99321	3.34	0.46	11.7	6	
5.2	0.185	0.22	1	0.03	47	123	0.99218	3.55	0.44	10.15	6	
6	0.17	0.36	1.7	0.042	14	61	0.99144	3.22	0.54	10.8	6	
6.1	0.24	0.32	9	0.031	41	134	0.99234	3.25	0.26	12.3	7	
6	0.32	0.46	1.5	0.05	56	189	0.99308	3.24	0.49	9.6	5	
6.1	0.27	0.31	3.9	0.034	42	137	0.99218	3.24	0.46	10.9	6	
5.6	0.26	0.5	11.4	0.029	25	93	0.99428	3.23	0.49	10.5	6	
6.2	0.35	0.25	18.4	0.051	28	182	0.99946	3.13	0.62	9.3	6	
6.6	0.17	0.26	7.4	0.052	45	128	0.99388	3.16	0.37	10	6	
6.6	0.17	0.26	7.4	0.052	45	128	0.99388	3.16	0.37	10	6	
5.9	0.48	0.3	1.5	0.037	19	78	0.99057	3.47	0.42	11.9	7	
5.2	0.3	0.34	1.5	0.038	18	96	0.98942	3.56	0.48	13	8	
7.1	0.24	0.34	1.2	0.045	6	132	0.99132	3.16	0.46	11.2	4	
5.9	0.27	0.32	2	0.034	31	102	0.98952	3.16	0.56	12.3	6	
5.8	0.315	0.19	19.4	0.031	28	106	0.99704	2.97	0.4	10.55	6	
6	0.59	0	0.8	0.037	30	95	0.99032	3.1	0.4	10.9	4	
6.4	0.31	0.31	12.9	0.045	55	161	0.99546	3.02	0.59	10.2	5	
6.4	0.31	0.31	12.9	0.045	55	161	0.99546	3.02	0.59	10.2	5	
6	0.32	0.3	7.3	0.174	46	159	0.99519	3.18	0.49	9.4	5	
6.4	0.105	0.29	1.1	0.035	44	140	0.99142	3.17	0.55	10.7	7	
6.4	0.105	0.29	1.1	0.035	44	140	0.99142	3.17	0.55	10.7	7	
5.9	0.32	0.19	14.5	0.042	37	115	0.99684	3.16	0.43	10.3	5	
6.4	0.105	0.29	1.1	0.035	44	140	0.99142	3.17	0.55	10.7	7	
5.8	0.28	0.34	2.2	0.037	24	125	0.98986	3.36	0.33	12.8	8	
6	0.35	0.46	0.9	0.033	9	65	0.98934	3.24	0.35	12.1	4	
6	0.17	0.3	7.3	0.039	39	104	0.99252	2.91	0.57	11	6	
5.1	0.26	0.33	1.1	0.027	46	113	0.98946	3.35	0.43	11.4	7	
5.7	0.4	0.35	5.1	0.026	17	113	0.99052	3.18	0.67	12.4	6	
6.2	0.76	0.01	3.2	0.041	18	120	0.99026	3.2	0.94	13.7	7	
5.7	0.4	0.35	5.1	0.026	17	113	0.99052	3.18	0.67	12.4	6	
5.6	0.33	0.28	1.2	0.031	33	97	0.99126	3.49	0.58	10.9	6	
5.9	0.37	0.3	1.5	0.033	35	95	0.98986	3.36	0.56	12	7	
5.3	0.275	0.24	7.4	0.038	28	114	0.99313	3.38	0.51	11	6	
6.8	0.34	0.36	8.9	0.029	44	128	0.99318	3.28	0.35	11.95	7	
5.6	0.34	0.25	2.5	0.046	47	182	0.99093	3.21	0.4	11.3	5	
4.8	0.29	0.23	1.1	0.044	38	180	0.98924	3.28	0.34	11.9	6	
5.1	0.3	0.3	2.3	0.048	40	150	0.98944	3.29	0.46	12.2	6	
4.4	0.54	0.09	5.1	0.038	52	97	0.99022	3.41	0.4	12.2	7	
7	0.36	0.35	2.5	0.048	67	161	0.99146	3.05	0.56	11.1	6	
6.4	0.33	0.44	8.9	0.055	52	164	0.99488	3.1	0.48	9.6	5	
7	0.36	0.35	2.5	0.048	67	161	0.99146	3.05	0.56	11.1	6	
6.4	0.33	0.44	8.9	0.055	52	164	0.99488	3.1	0.48	9.6	5	
5.2	0.25	0.23	1.4	0.047	20	77	0.99001	3.32	0.62	11.4	5	
6	0.43	0.34	7.6	0.045	25	118	0.99222	3.03	0.37	11	6	
5.5	0.31	0.29	3	0.027	16	102	0.99067	3.23	0.56	11.2	6	
6.2	0.36	0.32	4	0.036	44	92	0.98936	3.2	0.5	13.3	7	
5.8	0.23	0.31	4.5	0.046	42	124	0.99324	3.31	0.64	10.8	6	
6.1	0.32	0.28	6.6	0.021	29	132	0.99188	3.15	0.36	11.45	7	
5.7	0.21	0.32	1.6	0.03	33	122	0.99044	3.33	0.52	11.9	6	
6.2	0.38	0.42	2.5	0.038	34	117	0.99132	3.36	0.59	11.6	7	
5.9	0.54	0	0.8	0.032	12	82	0.99286	3.25	0.36	8.8	5	
6.2	0.53	0.02	0.9	0.035	6	81	0.99234	3.24	0.35	9.5	4	
6.6	0.34	0.4	8.1	0.046	68	170	0.99494	3.15	0.5	9.533333333	6	
6.6	0.34	0.4	8.1	0.046	68	170	0.99494	3.15	0.5	9.533333333	6	
5.5	0.32	0.13	1.3	0.037	45	156	0.99184	3.26	0.38	10.7	5	
4.9	0.47	0.17	1.9	0.035	60	148	0.98964	3.27	0.35	11.5	6	
6.6	0.34	0.4	8.1	0.046	68	170	0.99494	3.15	0.5	9.55	6	
6.1	0.34	0.29	2.2	0.036	25	100	0.98938	3.06	0.44	11.8	6	
5.7	0.21	0.32	0.9	0.038	38	121	0.99074	3.24	0.46	10.6	6	
