6.4	0.29	0.44	3.6	0.2	75	181	0.9942	3.02	0.41	9.1	5	
6.4	0.3	0.45	3.5	0.197	76	180	0.9942	3.02	0.39	9.1	6	
6.4	0.29	0.44	3.6	0.197	75	183	0.9942	3.01	0.38	9.1	5	
6.8	0.27	0.26	16.1	0.049	55	196	0.9984	3.15	0.5	9.3	5	
6.9	0.54	0.32	13.2	0.05	53	236	0.9973	3.2	0.5	9.6	5	
6.4	0.21	0.5	11.6	0.042	45	153	0.9972	3.15	0.43	8.8	5	
7	0.16	0.32	8.3	0.045	38	126	0.9958	3.21	0.34	9.2	5	
10.2	0.44	0.88	6.2	0.049	20	124	0.9968	2.99	0.51	9.9	4	
5.6	0.245	0.25	9.7	0.032	12	68	0.994	3.31	0.34	10.5	5	
7	0.16	0.32	8.3	0.045	38	126	0.9958	3.21	0.34	9.2	5	
6.7	0.13	0.29	5.3	0.051	31	122	0.9944	3.44	0.37	9.7	6	
5.7	0.28	0.24	17.5	0.044	60	167	0.9989	3.31	0.44	9.4	5	
7.2	0.685	0.21	9.5	0.07	33	172	0.9971	3	0.55	9.1	6	
7.1	0.24	0.41	17.8	0.046	39	145	0.9998	3.32	0.39	8.7	5	
7.1	0.25	0.32	10.3	0.041	66	272	0.9969	3.17	0.52	9.1	6	
7.1	0.24	0.41	17.8	0.046	39	145	0.9998	3.32	0.39	8.7	5	
7.2	0.23	0.38	14.3	0.058	55	194	0.9979	3.09	0.44	9	6	
7.2	0.23	0.38	14.3	0.058	55	194	0.9979	3.09	0.44	9	6	
7.2	0.23	0.38	14.3	0.058	55	194	0.9979	3.09	0.44	9	6	
7.2	0.23	0.38	14.3	0.058	55	194	0.9979	3.09	0.44	9	6	
6.8	0.52	0.32	13.2	0.044	54	221	0.9972	3.27	0.5	9.6	6	
6.2	0.25	0.21	15.55	0.039	28	159	0.9982	3.48	0.64	9.6	6	
7.3	0.32	0.23	13.7	0.05	49	197	0.9985	3.2	0.46	8.7	5	
6.9	0.4	0.56	11.2	0.043	40	142	0.9975	3.14	0.46	8.7	5	
8.5	0.26	0.21	16.2	0.074	41	197	0.998	3.02	0.5	9.8	3	
6.9	0.4	0.56	11.2	0.043	40	142	0.9975	3.14	0.46	8.7	5	
6.9	0.29	0.4	19.45	0.043	36	156	0.9996	2.93	0.47	8.9	5	
7.2	0.29	0.4	13.6	0.045	66	231	0.9977	3.08	0.59	9.6	6	
6.9	0.29	0.4	19.45	0.043	36	156	0.9996	2.93	0.47	8.9	5	
6.9	0.32	0.26	8.3	0.053	32	180	0.9965	3.25	0.51	9.2	6	
5.3	0.585	0.07	7.1	0.044	34	145	0.9945	3.34	0.57	9.7	6	
6.9	0.32	0.26	8.3	0.053	32	180	0.9965	3.25	0.51	9.2	6	
7	0.29	0.54	10.7	0.046	59	234	0.9966	3.05	0.61	9.5	5	
6.6	0.19	0.41	8.9	0.046	51	169	0.9954	3.14	0.57	9.8	6	
6.7	0.2	0.41	9.1	0.044	50	166	0.9954	3.14	0.58	9.8	6	
7	0.3	0.49	4.7	0.036	17	105	0.9916	3.26	0.68	12.4	7	
6.7	0.34	0.3	15.6	0.054	51	196	0.9982	3.19	0.49	9.3	5	
7.1	0.35	0.24	15.4	0.055	46	198	0.9988	3.12	0.49	8.8	5	
7.3	0.32	0.25	7.2	0.056	47	180	0.9961	3.08	0.47	8.8	5	
7.2	0.23	0.39	14.2	0.058	49	192	0.9979	2.98	0.48	9	7	
7.2	0.23	0.39	14.2	0.058	49	192	0.9979	2.98	0.48	9	7	
7.2	0.23	0.39	14.2	0.058	49	192	0.9979	2.98	0.48	9	7	
7.2	0.23	0.39	14.2	0.058	49	192	0.9979	2.98	0.48	9	7	
5.9	0.15	0.31	5.8	0.041	53	155	0.9945	3.52	0.46	10.5	6	
7.4	0.28	0.42	19.8	0.066	53	195	1	2.96	0.44	9.1	5	
6.2	0.28	0.22	7.3	0.041	26	157	0.9957	3.44	0.64	9.8	7	
8.3	0.39	0.7	10.6	0.045	33	169	0.9976	3.09	0.57	9.4	5	
7.5	0.17	0.44	11.3	0.046	65	146	0.997	3.17	0.45	10	6	
7.3	0.41	0.24	6.8	0.057	41	163	0.9949	3.2	0.41	9.9	6	
7.3	0.41	0.24	6.8	0.057	41	163	0.9949	3.2	0.41	9.9	6	
7.2	0.43	0.24	6.7	0.058	40	163	0.995	3.2	0.41	9.9	5	
7.3	0.4	0.24	6.7	0.058	41	166	0.995	3.2	0.41	9.9	6	
5	0.55	0.14	8.3	0.032	35	164	0.9918	3.53	0.51	12.5	8	
7.8	0.25	0.41	3.7	0.042	37	149	0.9954	3.36	0.45	10	6	
5.7	0.36	0.21	6.7	0.038	51	166	0.9941	3.29	0.63	10	6	
5.8	0.34	0.21	6.6	0.04	50	167	0.9941	3.29	0.62	10	5	
6.8	0.25	0.34	4.7	0.031	34	134	0.9927	3.21	0.38	10.6	6	
6.6	0.24	0.35	7.7	0.031	36	135	0.9938	3.19	0.37	10.5	5	
5.9	0.3	0.47	7.85	0.03	19	133	0.9933	3.52	0.43	11.5	7	
6.6	0.24	0.35	7.7	0.031	36	135	0.9938	3.19	0.37	10.5	5	
6.8	0.25	0.34	4.7	0.031	34	134	0.9927	3.21	0.38	10.6	6	
6.8	0.28	0.44	9.3	0.031	35	137	0.9946	3.16	0.36	10.4	6	
7.5	0.27	0.31	5.8	0.057	131	313	0.9946	3.18	0.59	10.5	5	
7.9	0.26	0.41	15.15	0.04	38	216	0.9976	2.96	0.6	10	6	
6.4	0.34	0.23	6.3	0.039	37	143	0.9944	3.19	0.65	10	6	
6.5	0.28	0.35	15.4	0.042	55	195	0.9978	3.23	0.5	9.6	6	
6.5	0.28	0.34	9.9	0.038	30	133	0.9954	3.11	0.44	9.8	5	
5.8	0.27	0.27	12.3	0.045	55	170	0.9972	3.28	0.42	9.3	6	
6.4	0.26	0.42	9.7	0.044	30	140	0.9962	3.18	0.47	9.1	6	
5.4	0.31	0.47	3	0.053	46	144	0.9931	3.29	0.76	10	5	
5.4	0.29	0.47	3	0.052	47	145	0.993	3.29	0.75	10	6	
6.7	0.19	0.41	15.6	0.056	75	155	0.9995	3.2	0.44	8.8	6	
7.8	0.18	0.46	13.6	0.052	38	118	0.998	3.15	0.5	10	6	
7.6	0.17	0.45	11.2	0.054	56	137	0.997	3.15	0.47	10	5	
7.3	0.22	0.37	14.3	0.063	48	191	0.9978	2.89	0.38	9	6	
7.3	0.22	0.37	14.3	0.063	48	191	0.9978	2.89	0.38	9	6	
6.9	0.24	0.34	4.7	0.04	43	161	0.9935	3.2	0.59	10.6	6	
6.4	0.24	0.32	14.9	0.047	54	162	0.9968	3.28	0.5	10.2	6	
6.8	0.15	0.3	5.3	0.05	40	127	0.9942	3.4	0.39	9.7	6	
7.3	0.22	0.37	14.3	0.063	48	191	0.9978	2.89	0.38	9	6	
7.7	0.29	0.48	2.3	0.049	36	178	0.9931	3.17	0.64	10.6	6	
7.1	0.39	0.35	12.5	0.044	26	72	0.9941	3.17	0.29	11.6	5	
7.7	0.29	0.48	2.3	0.049	36	178	0.9931	3.17	0.64	10.6	6	
5.7	0.32	0.5	2.6	0.049	17	155	0.9927	3.22	0.64	10	6	
7.2	0.28	0.26	12.5	0.046	48	179	0.9975	3.1	0.52	9	6	
6	0.36	0.39	3.2	0.027	20	125	0.991	3.38	0.39	11.3	7	
6.3	0.39	0.35	5.9	0.04	82.5	260	0.9941	3.12	0.66	10.1	5	
7	0.3	0.38	14.9	0.032	60	181	0.9983	3.18	0.61	9.3	7	
7	0.3	0.38	14.9	0.032	60	181	0.9983	3.18	0.61	9.3	7	
6.1	0.55	0.15	9.8	0.031	19	125	0.9957	3.36	0.47	10.2	6	
5.9	0.26	0.27	18.2	0.048	52	168	0.9993	3.35	0.44	9.4	5	
7.1	0.27	0.31	18.2	0.046	55	252	1	3.07	0.56	8.7	5	
6.8	0.22	0.31	6.3	0.035	33	170	0.9918	3.24	0.66	12.6	6	
5.8	0.28	0.34	4	0.031	40	99	0.9896	3.39	0.39	12.8	7	
7.2	0.25	0.39	18.95	0.038	42	155	0.9999	2.97	0.47	9	6	
7.3	0.28	0.36	12.7	0.04	38	140	0.998	3.3	0.79	9.6	6	
7.2	0.25	0.39	18.95	0.038	42	155	0.9999	2.97	0.47	9	6	
7.3	0.28	0.36	12.7	0.04	38	140	0.998	3.3	0.79	9.6	6	
6.8	0.26	0.22	7.7	0.047	57	210	0.9959	3.1	0.47	9	5	
7	0.21	0.28	8.6	0.045	37	221	0.9954	3.25	0.54	10.4	6	
7	0.21	0.28	8.6	0.045	37	221	0.9954	3.25	0.54	10.4	6	
7	0.21	0.28	8.6	0.045	37	221	0.9954	3.25	0.54	10.4	6	
7.1	0.31	0.47	13.6	0.056	54	197	0.9978	3.1	0.49	9.3	5	
7.4	0.155	0.34	2.3	0.045	73.5	214	0.9934	3.18	0.61	9.9	7	
7	0.23	0.36	7.1	0.028	31	104	0.9922	3.35	0.47	12.1	8	
7.4	0.155	0.34	2.3	0.045	73.5	214	0.9934	3.18	0.61	9.9	7	
6.1	0.38	0.2	6.6	0.033	25	137	0.9938	3.3	0.69	10.4	6	
6.9	0.24	0.36	20.8	0.031	40	139	0.9975	3.2	0.33	11	6	
5.8	0.28	0.27	2.6	0.054	30	156	0.9914	3.53	0.42	12.4	5	
7.2	0.6	0.2	9.9	0.07	21	174	0.9971	3.03	0.54	9.1	5	
7.1	0.21	0.27	8.6	0.056	26	111	0.9956	2.95	0.52	9.5	5	
6.1	0.43	0.35	9.1	0.059	83	249	0.9971	3.37	0.5	8.5	5	
7.1	0.21	0.27	8.6	0.056	26	111	0.9956	2.95	0.52	9.5	5	
7	0.25	0.29	15.2	0.047	40	171	0.9982	3.22	0.45	9.3	5	
6.3	0.21	0.58	10	0.081	34	126	0.9962	2.95	0.46	8.9	5	
7.2	0.29	0.53	18.15	0.047	59	182	0.9992	3.09	0.52	9.6	5	
8.6	0.37	0.7	12.15	0.039	21	158	0.9983	3	0.73	9.3	6	
6.5	0.38	0.34	3.4	0.036	34	200	0.9937	3.14	0.76	10	5	
5.5	0.16	0.22	4.5	0.03	30	102	0.9938	3.24	0.36	9.4	6	
6.7	0.47	0.34	8.9	0.043	31	172	0.9964	3.22	0.6	9.2	5	
6.7	0.47	0.34	8.9	0.043	31	172	0.9964	3.22	0.6	9.2	5	
6.2	0.37	0.3	6.6	0.346	79	200	0.9954	3.29	0.58	9.6	5	
7.8	0.19	0.26	8.9	0.039	42	182	0.996	3.18	0.46	9.9	6	
6.8	0.2	0.38	4.7	0.04	27	103	0.994	3.37	0.58	10.7	6	
7.2	0.4	0.62	10.8	0.041	70	189	0.9976	3.08	0.49	8.6	4	
7.2	0.4	0.62	10.8	0.041	70	189	0.9976	3.08	0.49	8.6	4	
7.2	0.28	0.54	16.7	0.045	54	200	0.999	3.08	0.49	9.5	6	
6.8	0.19	0.58	14.2	0.038	51	164	0.9975	3.12	0.48	9.6	6	
6.4	0.3	0.3	2.25	0.038	8	210	0.9937	3.2	0.62	9.9	6	
6.5	0.3	0.29	2.25	0.037	8	210	0.9937	3.19	0.62	9.9	5	
5.9	0.62	0.28	3.5	0.039	55	152	0.9907	3.44	0.44	12	6	
7.2	0.34	0.34	12.6	0.048	7	41	0.9942	3.19	0.4	11.7	5	
5.6	0.19	0.47	4.5	0.03	19	112	0.9922	3.56	0.45	11.2	6	
6.4	0.18	0.48	4	0.186	64	150	0.9945	3.06	0.4	9.3	5	
7.4	0.25	0.36	13.2	0.067	53	178	0.9976	3.01	0.48	9	6	
7.4	0.25	0.36	13.2	0.067	53	178	0.9976	3.01	0.48	9	6	
7.4	0.25	0.36	13.2	0.067	53	178	0.9976	3.01	0.48	9	6	
7.9	0.345	0.51	15.3	0.047	54	171	0.9987	3.09	0.51	9.1	5	
7.9	0.345	0.51	15.3	0.047	54	171	0.9987	3.09	0.51	9.1	5	
7.4	0.25	0.36	13.2	0.067	53	178	0.9976	3.01	0.48	9	6	
6.7	0.31	0.31	9.9	0.04	10	175	0.9953	3.46	0.55	11.4	4	
6.8	0.28	0.17	13.9	0.047	49	162	0.9983	3.21	0.51	9	6	
6.3	0.26	0.24	7.2	0.039	38	172	0.9958	3.49	0.64	9.7	6	
7	0.3	0.51	13.6	0.05	40	168	0.9976	3.07	0.52	9.6	7	
7	0.3	0.51	13.6	0.05	40	168	0.9976	3.07	0.52	9.6	7	
6.7	0.21	0.42	9.1	0.049	31	150	0.9953	3.12	0.74	9.9	7	
7.8	0.22	0.38	10.3	0.059	28	99	0.9967	3.12	0.47	10	6	
7.4	0.41	0.66	10.8	0.051	77	194	0.9976	3.05	0.46	8.7	5	
6.7	0.34	0.54	16.3	0.047	44	181	0.9987	3.04	0.56	8.8	5	
6	0.38	0.26	6	0.034	42	134	0.9912	3.38	0.38	12.3	7	
7.4	0.41	0.66	10.8	0.051	77	194	0.9976	3.05	0.46	8.7	5	
7.4	0.24	0.22	10.7	0.042	26	81	0.9954	2.86	0.36	9.7	6	
7.4	0.24	0.22	10.7	0.042	26	81	0.9954	2.86	0.36	9.7	6	
7.4	0.26	0.3	7.9	0.049	38	157	0.9963	3.13	0.48	8.9	6	
7	0.23	0.33	5.8	0.04	25	136	0.995	3.19	0.58	9.5	6	
5.9	0.27	0.29	11.4	0.036	31	115	0.9949	3.35	0.48	10.5	8	
6.1	0.28	0.25	17.75	0.044	48	161	0.9993	3.34	0.48	9.5	5	
6.5	0.36	0.28	3.2	0.037	29	119	0.9908	3.25	0.65	12.4	8	
7.5	0.21	0.68	10.9	0.045	38	133	0.9978	3	0.36	8.7	5	
7.5	0.21	0.68	10.9	0.045	38	133	0.9978	3	0.36	8.7	5	
6.5	0.46	0.41	16.8	0.084	59	222	0.9993	3.18	0.58	9	5	
6.5	0.26	0.43	8.9	0.083	50	171	0.9965	2.85	0.5	9	5	
5.3	0.32	0.12	6.6	0.043	22	141	0.9937	3.36	0.6	10.4	6	
7	0.32	0.24	6.2	0.048	31	228	0.9957	3.23	0.62	9.4	6	
7	0.32	0.24	6.2	0.048	31	228	0.9957	3.23	0.62	9.4	6	
7	0.23	0.42	18.05	0.05	35	144	0.9999	3.22	0.42	8.8	5	
7	0.23	0.42	18.05	0.05	35	144	0.9999	3.22	0.42	8.8	5	
6	0.29	0.2	12.6	0.045	45	187	0.9972	3.33	0.42	9.5	5	
6.1	0.17	0.28	4.5	0.033	46	150	0.9933	3.43	0.49	10.9	6	
5.9	0.14	0.25	4.5	0.027	34	140	0.9934	3.49	0.51	10.8	6	
6.2	0.17	0.28	4.7	0.037	39	133	0.9931	3.41	0.46	10.8	7	
5.8	0.335	0.14	5.8	0.046	49	197	0.9937	3.3	0.71	10.3	5	
6.1	0.28	0.25	12.9	0.054	34	189	0.9979	3.25	0.43	9	4	
6.4	0.24	0.28	11.5	0.05	34	163	0.9969	3.31	0.45	9.5	5	
6.4	0.24	0.29	11.4	0.051	32	166	0.9968	3.31	0.45	9.5	5	
6	0.32	0.12	5.9	0.041	34	190	0.9944	3.16	0.72	10	5	
5.9	0.24	0.26	12.3	0.053	34	134	0.9972	3.34	0.45	9.5	6	
7.3	0.34	0.21	3.2	0.05	14	136	0.9936	3.25	0.44	10.2	5	
6.6	0.27	0.25	3.1	0.052	41	188	0.9915	3.24	0.4	11.3	5	
7	0.57	0.1	8.3	0.094	23	188	0.9972	3.4	0.47	9.2	4	
6.4	0.24	0.5	11.6	0.047	60	211	0.9966	3.18	0.57	9.3	5	
6.4	0.32	0.5	10.7	0.047	57	206	0.9968	3.08	0.6	9.4	5	
5.9	0.29	0.25	12	0.057	48	224	0.9981	3.23	0.41	9	6	
5.8	0.32	0.38	4.75	0.033	23	94	0.991	3.42	0.42	11.8	7	
5.8	0.32	0.38	4.75	0.033	23	94	0.991	3.42	0.42	11.8	7	
5.7	0.32	0.38	4.75	0.033	23	94	0.991	3.42	0.42	11.8	7	
5.9	0.25	0.25	11.3	0.052	30	165	0.997	3.24	0.44	9.5	6	
6.4	0.27	0.32	4.5	0.24	61	174	0.9948	3.12	0.48	9.4	5	
6.2	0.36	0.26	13.2	0.051	54	201	0.9976	3.25	0.46	9	5	
7.2	0.28	0.3	10.7	0.044	61	222	0.9972	3.14	0.5	9.1	6	
6	0.36	0.16	6.3	0.036	36	191	0.9942	3.17	0.62	9.8	5	
5.9	0.37	0.14	6.3	0.036	34	185	0.9944	3.17	0.63	9.8	5	
7.6	0.29	0.58	17.5	0.041	51	225	0.9997	3.16	0.66	9.5	6	
6.3	0.34	0.28	14.7	0.047	49	198	0.9977	3.23	0.46	9.5	5	
7.5	0.31	0.51	14.8	0.039	62	204	0.9982	3.06	0.6	9.5	5	
7.5	0.31	0.51	14.8	0.039	62	204	0.9982	3.06	0.6	9.5	5	
7.4	0.31	0.48	14.2	0.042	62	204	0.9983	3.06	0.59	9.4	5	
5.6	0.25	0.26	3.6	0.037	18	115	0.9904	3.42	0.5	12.6	6	
6.2	0.31	0.21	6.3	0.041	50	218	0.9941	3.15	0.6	10	5	
7.7	0.2	0.44	13.9	0.05	44	130	0.99855	3.11	0.48	10	6	
6.4	0.16	0.31	5.3	0.043	42	157	0.99455	3.35	0.47	10.5	5	
6.5	0.23	0.33	13.8	0.042	25	139	0.99695	3.35	0.56	10.4	6	
6.2	0.25	0.48	10	0.044	78	240	0.99655	3.25	0.47	9.5	6	
8.8	0.28	0.45	6	0.022	14	49	0.9934	3.01	0.33	11.1	7	
6.9	0.38	0.25	9.8	0.04	28	191	0.9971	3.28	0.61	9.2	5	
6.9	0.38	0.25	9.8	0.04	28	191	0.9971	3.28	0.61	9.2	5	
7.1	0.21	0.31	3.8	0.021	40	142	0.99215	3.17	0.39	10.8	7	
5.9	0.26	0.25	12.5	0.034	38	152	0.9977	3.33	0.43	9.4	5	
7.3	0.3	0.42	7.35	0.025	51	175	0.9928	3.04	0.32	11.4	6	
6.9	0.2	0.5	10	0.036	78	167	0.9964	3.15	0.55	10.2	6	
5.8	0.25	0.28	11.1	0.056	45	175	0.99755	3.42	0.43	9.5	5	
6.8	0.22	0.37	15.2	0.051	68	178	0.99935	3.4	0.85	9.3	6	
6.8	0.24	0.49	19.3	0.057	55	247	1.00055	3	0.56	8.7	5	
5	0.44	0.04	18.6	0.039	38	128	0.9985	3.37	0.57	10.2	6	
6.7	0.5	0.63	13.4	0.078	81	238	0.9988	3.08	0.44	9.2	5	
6.1	0.27	0.3	16.7	0.039	49	172	0.99985	3.4	0.45	9.4	5	
9.1	0.27	0.45	10.6	0.035	28	124	0.997	3.2	0.46	10.4	9	
7.2	0.23	0.19	13.7	0.052	47	197	0.99865	3.12	0.53	9	5	
6.9	0.22	0.37	15	0.053	59	178	0.9992	3.37	0.82	9.5	7	
8.1	0.17	0.44	14.1	0.053	43	145	1.0006	3.28	0.75	8.8	8	
7.8	0.29	0.22	9.5	0.056	44	213	0.99715	3.08	0.61	9.3	6	
6.9	0.22	0.37	15	0.053	59	178	0.9992	3.37	0.82	9.5	7	
8.1	0.17	0.44	14.1	0.053	43	145	1.0006	3.28	0.75	8.8	8	
7.2	0.23	0.19	13.7	0.052	47	197	0.99865	3.12	0.53	9	5	
7.6	0.3	0.27	10.6	0.039	31	119	0.99815	3.27	0.3	9.3	6	
7.6	0.3	0.27	10.6	0.039	31	119	0.99815	3.27	0.3	9.3	6	
7.2	0.31	0.26	7.3	0.05	37	157	0.99625	3.09	0.43	9	5	
6.9	0.24	0.33	12.5	0.046	47	153	0.9983	3.28	0.77	9.6	6	
7.8	0.27	0.58	11.2	0.036	44	161	0.9977	3.06	0.41	8.9	6	
6	0.28	0.49	6.8	0.048	61	222	0.9953	3.19	0.47	9.3	5	
6.8	0.39	0.35	11.6	0.044	57	220	0.99775	3.07	0.53	9.3	5	
6.6	0.21	0.31	11.4	0.039	46	165	0.99795	3.41	0.44	9.8	7	
7.3	0.32	0.34	6.6	0.032	24	112	0.99505	3.22	0.46	9.8	6	
7.8	0.27	0.58	11.2	0.036	44	161	0.9977	3.06	0.41	8.9	6	
6.4	0.31	0.26	13.2	0.046	57	205	0.9975	3.17	0.41	9.6	5	
6	0.39	0.17	12	0.046	65	246	0.9976	3.15	0.38	9	6	
6.2	0.3	0.26	13.4	0.046	57	206	0.99775	3.17	0.43	9.5	6	
6	0.28	0.49	6.8	0.048	61	222	0.9953	3.19	0.47	9.3	5	
7.9	0.35	0.24	15.6	0.072	44	229	0.99785	3.03	0.59	10.5	6	
6.6	0.56	0.22	8.9	0.034	27	133	0.99675	3.2	0.51	9.1	5	
6.6	0.56	0.22	8.9	0.034	27	133	0.99675	3.2	0.51	9.1	5	
6.7	0.19	0.23	6.2	0.047	36	117	0.9945	3.34	0.43	9.6	6	
7	0.21	0.37	7.2	0.042	36	167	0.9958	3.26	0.56	9.8	6	
7.1	0.16	0.36	10.7	0.044	20	90	0.9959	3.16	0.44	10.9	7	
7.4	0.17	0.4	5.5	0.037	34	161	0.9935	3.05	0.62	11.5	4	
7.5	0.34	0.35	6	0.034	12	126	0.9924	3.16	0.39	12	7	
7.6	0.33	0.35	6.3	0.036	12	126	0.9924	3.16	0.39	12	7	
8.7	0.23	0.32	13.4	0.044	35	169	0.99975	3.12	0.47	8.8	7	
8.7	0.23	0.32	13.4	0.044	35	169	0.99975	3.12	0.47	8.8	7	
6.6	0.22	0.37	15.4	0.035	62	153	0.99845	3.02	0.4	9.3	5	
8.7	0.23	0.32	13.4	0.044	35	169	0.99975	3.12	0.47	8.8	7	
8.2	0.38	0.49	13.6	0.042	58	166	0.99855	3.1	0.54	9.4	5	
7.7	0.34	0.58	11.1	0.039	41	151	0.9978	3.06	0.49	8.6	5	
8.2	0.38	0.49	13.6	0.042	58	166	0.99855	3.1	0.54	9.4	5	
8.2	0.4	0.48	13.7	0.042	59	169	0.9986	3.1	0.52	9.4	5	
7.3	0.25	0.42	14.2	0.041	57	182	0.9996	3.29	0.75	9.1	7	
4.8	0.34	0	6.5	0.028	33	163	0.9939	3.36	0.61	9.9	6	
4.8	0.33	0	6.5	0.028	34	163	0.9937	3.35	0.61	9.9	5	
7.8	0.18	0.46	12.6	0.042	41	143	1	3.24	0.76	8.5	8	
7.7	0.34	0.58	11.1	0.039	41	151	0.9978	3.06	0.49	8.6	5	
6.3	0.26	0.21	4	0.03	24	125	0.9915	3.06	0.34	10.7	6	
7.4	0.26	0.43	6	0.022	22	125	0.9928	3.13	0.55	11.5	6	
7.4	0.26	0.43	6	0.022	22	125	0.9928	3.13	0.55	11.5	6	
6.1	0.34	0.27	2.6	0.024	20	105	0.9906	3.4	0.67	12.2	7	
6.6	0.2	0.38	7.9	0.052	30	145	0.9947	3.32	0.56	11	7	
8	0.29	0.29	13.2	0.046	26	113	0.9983	3.25	0.37	9.7	6	
6.1	0.28	0.35	12.8	0.048	63	229	0.9975	3.08	0.4	8.9	5	
5.9	0.31	0.3	7.7	0.047	60	206	0.995	3.2	0.39	9.6	6	
6.3	0.33	0.2	5.8	0.04	24	144	0.99425	3.15	0.63	9.9	5	
6.2	0.33	0.19	5.6	0.042	22	143	0.99425	3.15	0.63	9.9	5	
6.3	0.34	0.19	5.8	0.041	22	145	0.9943	3.15	0.63	9.9	5	
5.8	0.29	0.05	0.8	0.038	11	30	0.9924	3.36	0.35	9.2	5	
5.6	0.29	0.05	0.8	0.038	11	30	0.9924	3.36	0.35	9.2	5	
7.4	0.13	0.39	4.7	0.042	36	137	0.995	3.36	0.56	10.3	7	
7.7	0.32	0.62	10.6	0.036	56	153	0.9978	3.13	0.44	8.9	6	
7.7	0.32	0.62	10.6	0.036	56	153	0.9978	3.13	0.44	8.9	6	
6.5	0.26	0.27	12.9	0.044	69	215	0.9967	3.17	0.43	10	6	
6.5	0.25	0.35	12	0.055	47	179	0.998	3.58	0.47	10	5	
6.1	0.36	0.58	15	0.044	42	115	0.9978	3.15	0.51	9	5	
7.7	0.17	0.52	5.9	0.017	21	84	0.9929	3.14	0.4	11.9	7	
6.4	0.26	0.43	12.6	0.033	64	230	0.9974	3.08	0.38	8.9	5	
6.5	0.26	0.28	12.5	0.046	80	225	0.99685	3.18	0.41	10	6	
6.2	0.28	0.43	13	0.039	64	233	0.99745	3.08	0.38	8.9	5	
6.1	0.27	0.44	6.7	0.041	61	230	0.99505	3.12	0.4	8.9	5	
6.1	0.36	0.58	15	0.044	42	115	0.9978	3.15	0.51	9	5	
6.2	0.35	0.29	7.3	0.044	56	244	0.9956	3.36	0.55	10	6	
7.7	0.24	0.29	15.3	0.044	39	194	0.9982	3.06	0.47	9.6	7	
6.3	0.27	0.46	11.75	0.037	61	212	0.9971	3.25	0.53	9.5	6	
6.9	0.48	0.36	3.5	0.03	31	135	0.9904	3.14	0.38	12.2	7	
8.2	0.345	1	18.2	0.047	55	205	0.99965	2.96	0.43	9.6	5	
6.8	0.705	0.25	3.2	0.048	10	57	0.996	3.36	0.52	9.5	4	
7.6	0.22	0.34	9.7	0.035	26	143	0.9965	3.08	0.49	9.8	6	
7.6	0.22	0.34	9.7	0.035	26	143	0.9965	3.08	0.49	9.8	6	
7.3	0.24	0.34	15.4	0.05	38	174	0.9983	3.03	0.42	9	6	
7.3	0.24	0.34	15.4	0.05	38	174	0.9983	3.03	0.42	9	6	
7.3	0.24	0.34	15.4	0.05	38	174	0.9983	3.03	0.42	9	6	
6.1	0.19	0.25	4	0.023	23	112	0.9923	3.37	0.51	11.6	6	
5.9	0.26	0.21	12.5	0.034	36	152	0.9972	3.28	0.43	9.5	6	
8.3	0.23	0.43	3.2	0.035	14	101	0.9928	3.15	0.36	11.5	5	
6.8	0.22	0.35	17.5	0.039	38	153	0.9994	3.24	0.42	9	6	
6.8	0.22	0.35	17.5	0.039	38	153	0.9994	3.24	0.42	9	6	
7.7	0.28	0.33	6.7	0.037	32	155	0.9951	3.39	0.62	10.7	7	
7.7	0.28	0.33	6.7	0.037	32	155	0.9951	3.39	0.62	10.7	7	
7.4	0.28	0.3	5.3	0.054	44	161	0.9941	3.12	0.48	10.3	6	
7.7	0.28	0.39	8.9	0.036	8	117	0.9935	3.06	0.38	12	7	
8.6	0.16	0.38	3.4	0.04	41	143	0.9932	2.95	0.39	10.2	6	
6.5	0.25	0.27	15.2	0.049	75	217	0.9972	3.19	0.39	9.9	5	
6.1	0.24	0.27	9.8	0.062	33	152	0.9966	3.31	0.47	9.5	6	
8	0.24	0.3	17.45	0.056	43	184	0.9997	3.05	0.5	9.2	6	
6.4	0.28	0.41	6.8	0.045	61	216	0.9952	3.09	0.46	9.4	5	
6.4	0.28	0.43	7.1	0.045	60	221	0.9952	3.09	0.45	9.4	6	
6.2	0.25	0.47	11.6	0.048	62	210	0.9968	3.19	0.5	9.5	5	
6.1	0.16	0.27	12.6	0.064	63	162	0.9994	3.66	0.43	8.9	5	
6.8	0.37	0.47	11.2	0.071	44	136	0.9968	2.98	0.88	9.2	5	
6.8	0.19	0.32	7.05	0.019	54	188	0.9935	3.25	0.37	11.1	8	
7.6	0.19	0.38	10.6	0.06	48	174	0.9962	3.13	0.38	10.5	6	
7.1	0.3	0.36	6.8	0.055	44.5	234	0.9972	3.49	0.64	10.2	6	
7.1	0.3	0.36	6.8	0.055	44.5	234	0.9972	3.49	0.64	10.2	6	
7.9	0.64	0.46	10.6	0.244	33	227	0.9983	2.87	0.74	9.1	3	
7.1	0.47	0.24	6	0.044	11	77	0.9956	3.21	0.56	9.7	5	
7.1	0.15	0.34	5.3	0.034	33	104	0.9953	3.37	0.52	9.3	7	
7.5	0.33	0.48	19.45	0.048	55	243	1.001	2.95	0.4	8.8	5	
6.1	0.37	0.36	4.7	0.035	36	116	0.991	3.31	0.62	12.6	6	
7.2	0.51	0.24	10	0.093	35	197	0.9981	3.41	0.47	9	5	
6.7	0.26	0.26	4	0.079	35.5	216	0.9956	3.31	0.68	9.5	5	
8.3	0.22	0.38	14.8	0.054	32	126	1.0002	3.22	0.5	9.7	5	
7.5	0.19	0.34	2.6	0.037	33	125	0.9923	3.1	0.49	11.1	7	
8.8	0.33	0.44	6.35	0.024	9	87	0.9917	2.96	0.4	12.6	7	
8.3	0.22	0.38	14.8	0.054	32	126	1.0002	3.22	0.5	9.7	5	
8.2	0.29	0.33	9.1	0.036	28	118	0.9953	2.96	0.4	10.9	7	
6.2	0.55	0.45	12	0.049	27	186	0.9974	3.17	0.5	9.3	6	
6.4	0.4	0.19	3.2	0.033	28	124	0.9904	3.22	0.54	12.7	7	
7.5	0.28	0.33	7.7	0.048	42	180	0.9974	3.37	0.59	10.1	6	
6.5	0.26	0.34	16.3	0.051	56	197	1.0004	3.49	0.42	9.8	5	
6.3	0.34	0.29	6.2	0.046	29	227	0.9952	3.29	0.53	10.1	6	
6.8	0.15	0.33	4.7	0.059	31	118	0.9956	3.43	0.39	9	7	
6.3	0.27	0.25	5.8	0.038	52	155	0.995	3.28	0.38	9.4	6	
6.3	0.27	0.25	5.8	0.038	52	155	0.995	3.28	0.38	9.4	6	
7.4	0.2	0.37	16.95	0.048	43	190	0.9995	3.03	0.42	9.2	6	
7.4	0.2	0.37	16.95	0.048	43	190	0.9995	3.03	0.42	9.2	6	
7	0.17	0.33	4	0.034	17	127	0.9934	3.19	0.39	10.6	7	
8.3	0.21	0.58	17.1	0.049	62	213	1.0006	3.01	0.51	9.3	6	
8.4	0.17	0.31	6.7	0.038	29	132	0.9945	3.1	0.32	10.6	7	
7.4	0.24	0.31	8.4	0.045	52	183	0.9963	3.09	0.32	8.8	5	
6.5	0.29	0.25	10.6	0.039	32	120	0.9962	3.31	0.34	10.1	6	
5.8	0.29	0.21	2.6	0.025	12	120	0.9894	3.39	0.79	14	7	
6.3	0.27	0.25	5.8	0.038	52	155	0.995	3.28	0.38	9.4	6	
7.9	0.29	0.39	6.7	0.036	6	117	0.9938	3.12	0.42	10.7	5	
6.5	0.22	0.34	12	0.053	55	177	0.9983	3.52	0.44	9.9	6	
8.1	0.45	0.34	8.3	0.037	33	216	0.9976	3.31	0.64	9.7	5	
6.5	0.115	0.29	1.95	0.038	73	166	0.989	3.12	0.25	12.9	7	
6.4	0.125	0.29	5.85	0.042	24	99	0.992	3.23	0.32	12	7	
7.9	0.25	0.29	5.3	0.031	33	117	0.9918	3.06	0.32	11.8	7	
6.9	0.23	0.34	4	0.047	24	128	0.9944	3.2	0.52	9.7	6	
6.8	0.39	0.31	14.35	0.043	28	162	0.9988	3.17	0.54	9.1	5	
7.4	0.41	0.34	4.7	0.042	19	127	0.9953	3.25	0.42	10.4	5	
6.7	0.25	0.34	12.85	0.048	30	161	0.9986	3.44	0.47	9.5	6	
6.1	0.31	0.37	8.4	0.031	70	170	0.9934	3.42	0.4	11.7	8	
9.2	0.28	0.46	3.2	0.058	39	133	0.996	3.14	0.58	9.5	5	
9.3	0.34	0.49	7.3	0.052	30	146	0.998	3.17	0.61	10.2	5	
9.2	0.28	0.46	3.2	0.058	39	133	0.996	3.14	0.58	9.5	5	
6.7	0.25	0.23	7.2	0.038	61	220	0.9952	3.14	0.35	9.5	5	
7.8	0.3	0.29	16.85	0.054	23	135	0.9998	3.16	0.38	9	6	
7.8	0.3	0.29	16.85	0.054	23	135	0.9998	3.16	0.38	9	6	
7.8	0.3	0.29	16.85	0.054	23	135	0.9998	3.16	0.38	9	6	
7.8	0.3	0.29	16.85	0.054	23	135	0.9998	3.16	0.38	9	6	
6	0.24	0.32	6.3	0.03	34	129	0.9946	3.52	0.41	10.4	5	
7.7	0.25	0.43	4.5	0.062	20	115	0.9966	3.38	0.5	9.9	6	
7.2	0.26	0.26	12.7	0.036	49	214	0.9986	3.41	0.5	10	6	
6.4	0.25	0.41	8.6	0.042	57	173	0.9965	3	0.44	9.1	5	
6.3	0.32	0.35	11.1	0.039	29	198	0.9984	3.36	0.5	9.4	7	
7.2	0.2	0.25	4.5	0.044	31	109	0.9949	3.23	0.36	9.4	5	
7.5	0.42	0.45	9.1	0.029	20	125	0.996	3.12	0.36	10.1	6	
7.1	0.26	0.32	14.45	0.074	29	107	0.998	2.96	0.42	9.2	6	
7.3	0.22	0.4	14.75	0.042	44.5	129.5	0.9998	3.36	0.41	9.1	7	
6.2	0.37	0.22	8.3	0.025	36	216	0.9964	3.33	0.6	9.6	6	
7.9	0.22	0.45	14.2	0.038	53	141	0.9992	3.03	0.46	9.2	6	
7.3	0.22	0.4	14.75	0.042	44.5	129.5	0.9998	3.36	0.41	9.1	7	
7.1	0.26	0.32	14.45	0.074	29	107	0.998	2.96	0.42	9.2	6	
7	0.26	0.46	15.55	0.037	61	171	0.9986	2.94	0.35	8.8	6	
7.3	0.27	0.39	6.7	0.064	28	188	0.9958	3.29	0.3	9.7	5	
8	0.28	0.42	7.1	0.045	41	169	0.9959	3.17	0.43	10.6	5	
7.2	0.26	0.44	7.1	0.027	25	126	0.993	3.02	0.34	11.1	8	
6.4	0.23	0.33	1.15	0.044	15.5	217.5	0.992	3.33	0.44	11	6	
5.9	0.4	0.32	6	0.034	50	127	0.992	3.51	0.58	12.5	7	
8	0.28	0.42	7.1	0.045	41	169	0.9959	3.17	0.43	10.6	5	
6.8	0.32	0.37	3.4	0.023	19	87	0.9902	3.14	0.53	12.7	6	
6.9	0.18	0.38	6.5	0.039	20	110	0.9943	3.1	0.42	10.5	5	
8.3	0.33	0.42	1.15	0.033	18	96	0.9911	3.2	0.32	12.4	3	
7.3	0.29	0.3	13	0.043	46	238	0.9986	3.06	0.41	8.7	6	
7.9	0.41	0.37	4.5	0.03	40	114	0.992	3.17	0.54	12.4	7	
7.9	0.44	0.37	5.85	0.033	27	93	0.992	3.16	0.54	12.6	7	
6.8	0.32	0.37	3.4	0.023	19	87	0.9902	3.14	0.53	12.7	6	
8.1	0.43	0.42	6.6	0.033	36	141	0.9918	2.98	0.39	13.3	7	
8	0.66	0.72	17.55	0.042	62	233	0.9999	2.92	0.68	9.4	4	
8.4	0.57	0.44	10.7	0.051	46	195	0.9981	3.15	0.51	10.4	5	
5.3	0.26	0.23	5.15	0.034	48	160	0.9952	3.82	0.51	10.5	7	
6.4	0.17	0.27	6.7	0.036	88	223	0.9948	3.28	0.35	10.2	6	
6.9	0.29	0.16	6.8	0.034	65	212	0.9955	3.08	0.39	9	6	
6.2	0.21	0.38	6.8	0.036	64	245	0.9951	3.06	0.36	9.3	6	
6.4	0.23	0.3	7.1	0.037	63	236	0.9952	3.06	0.34	9.2	6	
8	0.22	0.42	14.6	0.044	45	163	1.0003	3.21	0.69	8.6	7	
8.4	0.35	0.56	13.8	0.048	55	190	0.9993	3.07	0.58	9.4	6	
8	0.22	0.42	14.6	0.044	45	163	1.0003	3.21	0.69	8.6	7	
7	0.39	0.31	5.3	0.169	32	162	0.9965	3.2	0.48	9.4	5	
8.4	0.35	0.56	13.8	0.048	55	190	0.9993	3.07	0.58	9.4	6	
8	0.22	0.42	14.6	0.044	45	163	1.0003	3.21	0.69	8.6	7	
7.4	0.31	0.74	10.7	0.039	51	147	0.9977	3.02	0.43	8.7	5	
7.3	0.42	0.38	6.8	0.045	29	122	0.9925	3.19	0.37	12.6	7	
7.8	0.23	0.28	4.75	0.042	45	166	0.9928	2.96	0.4	11.5	5	
9	0.245	0.38	5.9	0.045	52	159	0.995	2.93	0.35	10.2	6	
6.9	0.2	0.4	7.7	0.032	51	176	0.9939	3.22	0.27	11.4	5	
8	0.59	0.71	17.35	0.038	61	228	1	2.95	0.75	9.3	5	
6.3	0.23	0.22	3.75	0.039	37	116	0.9927	3.23	0.5	10.7	6	
6.4	0.31	0.4	6.2	0.04	46	169	0.9953	3.15	0.46	9.3	6	
8.1	0.2	0.36	9.7	0.044	63	162	0.997	3.1	0.46	10	6	
6.4	0.25	0.53	6.6	0.038	59	234	0.9955	3.03	0.42	8.8	5	
6.5	0.22	0.72	6.8	0.042	33	168	0.9958	3.12	0.36	9.2	6	
7.9	0.16	0.64	17	0.05	69	210	1.0004	3.15	0.51	9.3	7	
5.7	0.21	0.24	2.3	0.047	60	189	0.995	3.65	0.72	10.1	6	
8.4	0.58	0.27	12.15	0.033	37	116	0.9959	2.99	0.39	10.8	6	
8.4	0.58	0.27	12.15	0.033	37	116	0.9959	2.99	0.39	10.8	6	
8.2	0.35	0.4	6.3	0.039	35	162	0.9936	3.15	0.34	11.9	7	
8	0.57	0.39	3.9	0.034	22	122	0.9917	3.29	0.67	12.8	7	
6.5	0.37	0.33	3.9	0.027	40	130	0.9906	3.28	0.39	12.7	7	
5.7	0.21	0.24	2.3	0.047	60	189	0.995	3.65	0.72	10.1	6	
7.3	0.22	0.41	15.4	0.05	55	191	1	3.32	0.59	8.9	6	
6.3	0.29	0.4	6.5	0.039	43	167	0.9953	3.15	0.44	9.3	6	
7.6	0.27	0.24	3.8	0.058	19	115	0.9958	3.15	0.45	8.9	5	
7.3	0.22	0.41	15.4	0.05	55	191	1	3.32	0.59	8.9	6	
7.4	0.64	0.47	14.15	0.168	42	185	0.9984	2.9	0.49	9.3	5	
6.6	0.56	0.16	3.1	0.045	28	92	0.994	3.12	0.35	9.1	6	
5.6	0.49	0.13	4.5	0.039	17	116	0.9907	3.42	0.9	13.7	7	
5.6	0.49	0.13	4.5	0.039	17	116	0.9907	3.42	0.9	13.7	7	
6.3	0.67	0.48	12.6	0.052	57	222	0.9979	3.17	0.52	9.3	6	
9	0.31	0.48	6.6	0.043	11	73	0.9938	2.9	0.38	11.6	5	
8.2	0.22	0.36	6.8	0.034	12	90	0.9944	3.01	0.38	10.5	8	
7.1	0.26	0.32	5.9	0.037	39	97	0.9934	3.31	0.4	11.6	6	
8.1	0.29	0.49	7.1	0.042	22	124	0.9944	3.14	0.41	10.8	6	
8.6	0.55	0.35	15.55	0.057	35.5	366.5	1.0001	3.04	0.63	11	3	
6.2	0.18	0.49	4.5	0.047	17	90	0.9919	3.27	0.37	11.6	6	
9.8	0.25	0.74	10	0.056	36	225	0.9977	3.06	0.43	10	4	
8.1	0.29	0.49	7.1	0.042	22	124	0.9944	3.14	0.41	10.8	6	
6.9	0.23	0.24	14.2	0.053	19	94	0.9982	3.17	0.5	9.6	5	
8.5	0.56	0.74	17.85	0.051	51	243	1.0005	2.99	0.7	9.2	5	
6.3	0.23	0.49	7.1	0.05	67	210	0.9951	3.23	0.34	9.5	5	
7.2	0.26	0.74	13.6	0.05	56	162	0.998	3.03	0.44	8.8	5	
7	0.18	0.49	5.3	0.04	34	125	0.9914	3.24	0.4	12.2	6	
8.3	0.2	0.74	4.45	0.044	33	130	0.9924	3.25	0.42	12.2	6	
6.9	0.19	0.49	6.6	0.036	49	172	0.9932	3.2	0.27	11.5	6	
8.3	0.21	0.49	19.8	0.054	50	231	1.0012	2.99	0.54	9.2	5	
6.9	0.34	0.74	11.2	0.069	44	150	0.9968	3	0.81	9.2	5	
8.3	0.2	0.74	4.45	0.044	33	130	0.9924	3.25	0.42	12.2	6	
7.9	0.11	0.49	4.5	0.048	27	133	0.9946	3.24	0.42	10.6	6	
8	0.44	0.49	9.1	0.031	46	151	0.9926	3.16	0.27	12.7	8	
6.9	0.19	0.49	6.6	0.036	49	172	0.9932	3.2	0.27	11.5	6	
7.1	0.25	0.49	3	0.03	30	96	0.9903	3.13	0.39	12.3	7	
7.8	0.21	0.49	1.35	0.052	6	48	0.9911	3.15	0.28	11.4	5	
7	0.2	0.49	5.9	0.038	39	128	0.9938	3.21	0.48	10.8	6	
6.9	0.25	0.24	3.6	0.057	13	85	0.9942	2.99	0.48	9.5	4	
6.9	0.25	0.24	3.6	0.057	13	85	0.9942	2.99	0.48	9.5	4	
6.7	0.25	0.74	19.4	0.054	44	169	1.0004	3.51	0.45	9.8	6	
7.9	0.16	0.74	17.85	0.037	52	187	0.9998	2.99	0.41	9.3	5	
7.7	0.35	0.49	8.65	0.033	42	186	0.9931	3.14	0.38	12.4	8	
7.4	0.19	0.49	9.3	0.03	26	132	0.994	2.99	0.32	11	7	
7	0.17	0.74	12.8	0.045	24	126	0.9942	3.26	0.38	12.2	8	
8.8	0.23	0.74	3.2	0.042	15	126	0.9934	3.02	0.51	11.2	6	
7.3	0.22	0.49	9.9	0.031	48	161	0.9937	3.01	0.28	11.2	6	
7.4	0.19	0.49	9.3	0.03	26	132	0.994	2.99	0.32	11	7	
8.2	0.24	0.49	9.3	0.038	52	163	0.9952	3.02	0.33	10.6	6	
6.6	0.21	0.49	18.15	0.042	41	158	0.9997	3.28	0.39	8.7	6	
7.2	0.27	0.74	12.5	0.037	47	156	0.9981	3.04	0.44	8.7	5	
7.9	0.28	0.49	7.7	0.045	48	195	0.9954	3.04	0.55	11	6	
6.6	0.21	0.49	18.15	0.042	41	158	0.9997	3.28	0.39	8.7	6	
7.2	0.27	0.74	12.5	0.037	47	156	0.9981	3.04	0.44	8.7	5	
7.5	0.23	0.49	7.7	0.049	61	209	0.9941	3.14	0.3	11.1	7	
7.1	0.18	0.74	15.6	0.044	44	176	0.9996	3.38	0.67	9	6	
7.1	0.18	0.74	15.6	0.044	44	176	0.9996	3.38	0.67	9	6	
6.7	0.29	0.49	4.7	0.034	35	156	0.9945	3.13	0.45	9.9	6	
7.6	0.23	0.49	10	0.036	45	182	0.9967	3.08	0.58	9.6	6	
7.6	0.18	0.49	18.05	0.046	36	158	0.9996	3.06	0.41	9.2	5	
7.8	0.26	0.49	3.1	0.045	21	116	0.9931	3.16	0.35	10.3	5	
6.8	0.17	0.74	2.4	0.053	61	182	0.9953	3.63	0.76	10.5	6	
7.6	0.31	0.49	13.4	0.062	50	191	0.9989	3.22	0.53	9	4	
9.8	0.31	0.49	15.4	0.046	13	119	1.0004	3.18	0.45	9.5	5	
9	0.3	0.49	7.2	0.039	32	84	0.9938	2.94	0.32	11.5	6	
8.6	0.16	0.49	7.3	0.043	9	63	0.9953	3.13	0.59	10.5	6	
6.4	0.27	0.49	7.3	0.046	53	206	0.9956	3.24	0.43	9.2	6	
6.4	0.27	0.49	7.3	0.046	53	206	0.9956	3.24	0.43	9.2	6	
8.2	0.34	0.49	8	0.046	55	223	0.996	3.08	0.52	10.7	6	
5.6	0.39	0.24	4.7	0.034	27	77	0.9906	3.28	0.36	12.7	5	
6.9	0.27	0.49	23.5	0.057	59	235	1.0024	2.98	0.47	8.6	5	
7.8	0.26	0.49	3.2	0.027	28	87	0.9919	3.03	0.32	11.3	7	
8	0.29	0.49	11.7	0.035	40	131	0.9958	3.14	0.34	10.8	5	
6.9	0.34	0.49	7.3	0.045	61	206	0.9957	3.09	0.4	9	6	
6.2	0.22	0.49	6	0.029	31	128	0.9928	3.41	0.36	11.3	8	
7.8	0.26	0.49	3.2	0.027	28	87	0.9919	3.03	0.32	11.3	7	
6.5	0.44	0.49	7.7	0.045	16	169	0.9957	3.11	0.37	8.7	6	
7	0.14	0.49	5.9	0.053	22	118	0.9954	3.36	0.36	9.4	6	
7.8	0.15	0.24	7.7	0.047	21	98	0.9951	2.94	0.31	9.6	6	
7.1	0.28	0.49	6.5	0.041	28	111	0.9926	3.41	0.58	12.2	8	
7.4	0.19	0.49	6.7	0.037	15	110	0.9938	3.2	0.38	11	7	
8.3	0.25	0.49	16.8	0.048	50	228	1.0001	3.03	0.52	9.2	6	
7.6	0.47	0.49	13	0.239	42	220	0.9988	2.96	0.51	9.2	5	
7.3	0.19	0.49	15.55	0.058	50	134	0.9998	3.42	0.36	9.1	7	
8.1	0.3	0.49	12.3	0.049	50	144	0.9971	3.09	0.57	10.2	7	
7.3	0.19	0.49	15.55	0.058	50	134	0.9998	3.42	0.36	9.1	7	
7.6	0.31	0.49	3.95	0.044	27	131	0.9912	3.08	0.67	12.8	7	
6.4	0.42	0.74	12.8	0.076	48	209	0.9978	3.12	0.58	9	6	
7.9	0.33	0.28	31.6	0.053	35	176	1.0103	3.15	0.38	8.8	6	
6.6	0.31	0.49	7.7	0.05	52	220	0.9964	3.12	0.45	8.8	5	
6.6	0.325	0.49	7.7	0.049	53	217	0.996	3.16	0.4	9.3	5	
7.9	0.33	0.28	31.6	0.053	35	176	1.0103	3.15	0.38	8.8	6	
8.1	0.28	0.46	15.4	0.059	32	177	1.0004	3.27	0.58	9	4	
8.8	0.39	0.34	5.9	0.055	33	128	0.9927	2.95	0.51	11.8	6	
7.8	0.24	0.18	6.7	0.046	33	160	0.9963	3.2	0.56	9.8	6	
7	0.35	0.3	6.5	0.028	27	87	0.9936	3.4	0.42	11.4	7	
6.8	0.22	0.29	8.9	0.046	82	188	0.9955	3.3	0.44	10.3	6	
7	0.35	0.3	6.5	0.028	27	87	0.9936	3.4	0.42	11.4	7	
6.2	0.3	0.2	6.6	0.045	42	170	0.9944	3.36	0.45	10.4	6	
7.6	0.32	0.34	18.35	0.054	44	197	1.0008	3.22	0.55	9	5	
6.3	0.31	0.3	10	0.046	49	212	0.9962	3.74	0.55	11.9	6	
7.3	0.26	0.33	17.85	0.049	41.5	195	1	3.06	0.44	9.1	7	
7.3	0.26	0.33	17.85	0.049	41.5	195	1	3.06	0.44	9.1	7	
6.7	0.25	0.26	1.55	0.041	118.5	216	0.9949	3.55	0.63	9.4	3	
6.7	0.265	0.22	8.6	0.048	54	198	0.9955	3.25	0.41	10.2	5	
7.2	0.21	0.33	3	0.036	35	132	0.9928	3.25	0.4	11	6	
8.5	0.32	0.36	14.9	0.041	47	190	0.9982	3.08	0.31	10	6	
7.9	0.29	0.36	11.1	0.033	43	208	0.9969	3.14	0.46	10.3	5	
6.8	0.26	0.29	16.95	0.056	48	179	0.9998	3.45	0.4	9.6	5	
6.8	0.22	0.3	13.6	0.055	50	180	0.9984	3.44	0.39	9.8	5	
7.9	0.18	0.37	3	0.061	25	178	0.995	3.22	0.51	10	6	
6.8	0.3	0.24	6.6	0.123	35	116	0.9953	3.07	0.48	9.4	5	
7	0.21	0.31	6	0.046	29	108	0.9939	3.26	0.5	10.8	6	
7.6	0.2	0.39	2.6	0.044	30	180	0.9941	3.46	0.44	10.8	7	
7.5	0.4	1	19.5	0.041	33	148	0.9977	3.24	0.38	12	6	
7.6	0.445	0.44	14.5	0.045	68	212	0.9986	3.48	0.36	10	6	
6.8	0.3	0.24	6.6	0.123	35	116	0.9953	3.07	0.48	9.4	5	
7.5	0.22	0.33	6.7	0.036	45	138	0.9939	3.2	0.68	11.4	6	
8.7	0.34	0.46	13.8	0.055	68	198	0.9988	3.36	0.37	9.5	6	
6.1	0.22	0.23	3.1	0.052	15	104	0.9948	3.14	0.42	8.7	5	
8.4	0.29	0.29	1.05	0.032	4	55	0.9908	2.91	0.32	11.4	4	
6.6	0.37	0.47	6.5	0.061	23	150	0.9954	3.14	0.45	9.6	6	
6.3	0.25	0.23	14.9	0.039	47	142	0.99705	3.14	0.35	9.7	6	
8.3	0.3	0.36	10	0.042	33	169	0.9982	3.23	0.51	9.3	6	
6.1	0.34	0.31	12	0.053	46	238	0.9977	3.16	0.48	8.6	5	
8.3	0.3	0.36	10	0.042	33	169	0.9982	3.23	0.51	9.3	6	
6.1	0.255	0.44	12.3	0.045	53	197	0.9967	3.24	0.54	9.5	6	
6.3	0.25	0.23	14.9	0.039	47	142	0.99705	3.14	0.35	9.7	6	
6.9	0.29	0.23	8.6	0.056	56	215	0.9967	3.17	0.44	8.8	5	
7.3	0.21	0.3	10.9	0.037	18	112	0.997	3.4	0.5	9.6	6	
6.9	0.29	0.23	8.6	0.056	56	215	0.9967	3.17	0.44	8.8	5	
6.6	0.32	0.26	7.7	0.054	56	209	0.9961	3.17	0.45	8.8	5	
7.7	0.43	0.28	4.5	0.046	33	102	0.9918	3.16	0.56	12.2	7	
7.8	0.39	0.26	9.9	0.059	33	181	0.9955	3.04	0.42	10.9	6	
7.8	0.4	0.26	9.5	0.059	32	178	0.9955	3.04	0.43	10.9	6	
7.8	0.39	0.26	9.9	0.059	33	181	0.9955	3.04	0.42	10.9	6	
6.9	0.19	0.28	3	0.054	33	99	0.9924	3.16	0.4	10.8	6	
7.7	0.49	1	19.6	0.03	28	135	0.9973	3.24	0.4	12	6	
8.5	0.21	0.26	9.25	0.034	73	142	0.9945	3.05	0.37	11.4	6	
6.7	0.24	0.29	6.8	0.038	54	127	0.9932	3.33	0.46	11.6	7	
8.5	0.21	0.26	9.25	0.034	73	142	0.9945	3.05	0.37	11.4	6	
7.4	0.33	0.26	2.6	0.04	29	115	0.9913	3.07	0.52	11.8	7	
6.7	0.37	0.41	6.3	0.061	22	149	0.9953	3.16	0.47	9.6	6	
6.9	0.25	0.27	9.05	0.039	37	128	0.9936	3.27	0.34	11.3	8	
6.8	0.23	0.29	15.4	0.073	56	173	0.9984	3.06	0.41	8.7	6	
6.4	0.26	0.21	7.1	0.04	35	162	0.9956	3.39	0.58	9.9	6	
6.8	0.23	0.29	15.4	0.073	56	173	0.9984	3.06	0.41	8.7	6	
6.4	0.26	0.21	7.1	0.04	35	162	0.9956	3.39	0.58	9.9	6	
7.6	0.38	0.2	3.4	0.046	9	116	0.9944	3.15	0.41	9.4	5	
8.8	0.2	0.43	15	0.053	60	184	1.0008	3.28	0.79	8.8	6	
8.8	0.2	0.43	15	0.053	60	184	1.0008	3.28	0.79	8.8	6	
7.6	0.38	0.2	3.4	0.046	9	116	0.9944	3.15	0.41	9.4	5	
6.7	0.27	0.3	13.9	0.029	34	131	0.9953	3.36	0.5	12	7	
7.3	0.19	0.24	6.3	0.054	34	231	0.9964	3.36	0.54	10	6	
6.5	0.32	0.12	11.5	0.033	35	165	0.9974	3.22	0.32	9	5	
6.5	0.32	0.12	11.5	0.033	35	165	0.9974	3.22	0.32	9	5	
7.3	0.19	0.24	6.3	0.054	34	231	0.9964	3.36	0.54	10	6	
7.3	0.17	0.23	6.3	0.051	35	240	0.9963	3.36	0.54	10	6	
7.7	0.44	0.24	11.2	0.031	41	167	0.9948	3.12	0.43	11.3	7	
7.7	0.44	0.24	11.2	0.031	41	167	0.9948	3.12	0.43	11.3	7	
7.4	0.49	0.24	15.1	0.03	34	153	0.9953	3.13	0.51	12	7	
7.7	0.44	0.24	11.2	0.031	41	167	0.9948	3.12	0.43	11.3	7	
7.4	0.49	0.24	15.1	0.03	34	153	0.9953	3.13	0.51	12	7	
6.4	0.21	0.3	5.6	0.044	43	160	0.9949	3.6	0.41	10.6	6	
8	0.55	0.42	12.6	0.211	37	213	0.9988	2.99	0.56	9.3	5	
6.1	0.34	0.46	4.7	0.029	21	94	0.991	3.29	0.62	12.3	6	
7.4	0.44	0.2	11.5	0.049	44	157	0.998	3.27	0.44	9	5	
7.6	0.26	0.58	7.9	0.041	62	180	0.9966	3.07	0.38	9	5	
7.4	0.44	0.2	11.5	0.049	44	157	0.998	3.27	0.44	9	5	
6.1	0.34	0.46	4.7	0.029	21	94	0.991	3.29	0.62	12.3	6	
6.7	0.18	0.19	4.7	0.046	57	161	0.9946	3.32	0.66	10.5	6	
7.3	0.13	0.31	2.3	0.054	22	104	0.9924	3.24	0.92	11.5	7	
7.6	0.27	0.25	13.9	0.05	45	199	0.9984	3.34	0.5	9.8	6	
6.9	0.37	0.28	13.8	0.031	34	137	0.9948	3.1	0.37	11.6	6	
7.4	0.21	0.27	7.3	0.031	41	144	0.9932	3.15	0.38	11.8	7	
5.8	0.33	0.2	16.05	0.047	26	166	0.9976	3.09	0.46	8.9	5	
5.8	0.33	0.2	16.05	0.047	26	166	0.9976	3.09	0.46	8.9	5	
7.9	0.29	0.31	7.35	0.034	37	154	0.9938	3.06	0.31	10.8	5	
6.6	0.31	0.38	16.05	0.058	16	165	0.9997	3.38	0.6	9.2	5	
8	0.25	0.26	14	0.043	41	248	0.9986	3.03	0.57	8.7	6	
7.2	0.2	0.61	16.2	0.043	14	103	0.9987	3.06	0.36	9.2	6	
7.7	0.3	0.42	14.3	0.045	45	213	0.9991	3.18	0.63	9.2	5	
7.2	0.2	0.61	16.2	0.043	14	103	0.9987	3.06	0.36	9.2	6	
7.7	0.3	0.42	14.3	0.045	45	213	0.9991	3.18	0.63	9.2	5	
7.7	0.3	0.42	14.3	0.045	45	213	0.9991	3.18	0.63	9.2	5	
6.4	0.22	0.32	7.9	0.029	34	124	0.9948	3.4	0.39	10.2	5	
7.2	0.2	0.61	16.2	0.043	14	103	0.9987	3.06	0.36	9.2	6	
7.3	0.24	0.41	13.6	0.05	41	178	0.9988	3.37	0.43	9.7	5	
7.2	0.24	0.4	17.85	0.049	50	185	1	3.34	0.42	9.6	5	
7.7	0.3	0.42	14.3	0.045	45	213	0.9991	3.18	0.63	9.2	5	
7.6	0.33	0.41	13.7	0.045	44	197	0.9989	3.18	0.64	9.1	5	
6.8	0.24	0.31	18.3	0.046	40	142	1	3.3	0.41	8.7	5	
6.8	0.24	0.31	18.3	0.046	40	142	1	3.3	0.41	8.7	5	
6.8	0.35	0.44	6.5	0.056	31	161	0.9952	3.14	0.44	9.5	5	
7.9	0.26	0.33	10.3	0.039	73	212	0.9969	2.93	0.49	9.5	6	
7.2	0.31	0.41	8.6	0.053	15	89	0.9976	3.29	0.64	9.9	6	
10	0.23	0.27	14.1	0.033	45	166	0.9988	2.72	0.43	9.7	6	
7.4	0.21	0.3	7.9	0.039	14	118	0.9942	2.96	0.34	10.4	5	
8.8	0.23	0.35	10.7	0.04	26	183	0.9984	2.93	0.49	9.1	6	
7.9	0.26	0.33	10.3	0.039	73	212	0.9969	2.93	0.49	9.5	6	
7.6	0.13	0.34	9.3	0.062	40	126	0.9966	3.21	0.39	9.6	5	
7.3	0.22	0.5	13.7	0.049	56	189	0.9994	3.24	0.66	9	6	
8.1	0.26	0.33	11.1	0.052	52.5	158	0.9976	3.03	0.49	10.2	7	
7.6	0.13	0.34	9.3	0.062	40	126	0.9966	3.21	0.39	9.6	5	
7	0.27	0.32	6.8	0.047	47	193	0.9938	3.23	0.39	11.4	6	
9.2	0.71	0.23	6.2	0.042	15	93	0.9948	2.89	0.34	10.1	6	
7.2	0.47	0.65	8.3	0.083	27	182	0.9964	3	0.35	9.2	5	
8.3	0.36	0.57	15	0.052	35	256	1.0001	2.93	0.64	8.6	5	
8.3	0.36	0.57	15	0.052	35	256	1.0001	2.93	0.64	8.6	5	
6.3	0.25	0.44	11.6	0.041	48	195	0.9968	3.18	0.52	9.5	5	
6.4	0.22	0.32	12	0.066	57	158	0.9992	3.6	0.43	9	6	
6.7	0.31	0.44	6.7	0.054	29	160	0.9952	3.04	0.44	9.6	5	
8	0.25	0.13	17.2	0.036	49	219	0.9996	2.96	0.46	9.7	5	
8	0.25	0.13	17.2	0.036	49	219	0.9996	2.96	0.46	9.7	5	
6.4	0.29	0.28	11.1	0.063	66	169	0.9973	2.89	0.57	9	5	
7	0.12	0.32	7.2	0.058	22	89	0.9966	3.29	0.38	9.2	6	
7.4	0.32	0.55	16.6	0.056	53	238	1.0017	2.96	0.58	8.7	6	
7.4	0.32	0.55	16.6	0.056	53	238	1.0017	2.96	0.58	8.7	6	
6.3	0.41	0.3	3.2	0.03	49	164	0.9927	3.53	0.79	11.7	7	
6.3	0.41	0.3	3.2	0.03	49	164	0.9927	3.53	0.79	11.7	7	
7.6	0.2	0.26	4.5	0.086	37	133	0.9963	3.15	0.42	9.2	5	
7.5	0.26	0.26	18.35	0.084	33	139	1.0011	3.17	0.39	8.8	5	
7.5	0.26	0.26	18.35	0.084	33	139	1.0011	3.17	0.39	8.8	5	
8.4	0.2	0.27	6.3	0.048	30	143	0.9966	3.25	0.5	9.1	6	
7.5	0.38	0.5	12.8	0.042	57	184	0.9984	3.09	0.46	9	6	
7.6	0.2	0.3	14.2	0.056	53	212.5	0.999	3.14	0.46	8.9	8	
7.6	0.2	0.3	14.2	0.056	53	212.5	0.999	3.14	0.46	8.9	8	
7.6	0.2	0.3	14.2	0.056	53	212.5	0.999	3.14	0.46	8.9	8	
7.6	0.2	0.3	14.2	0.056	53	212.5	0.999	3.14	0.46	8.9	8	
7.6	0.2	0.3	14.2	0.056	53	212.5	0.999	3.14	0.46	8.9	8	
8.1	0.19	0.58	16.65	0.049	48	181	1.0006	3.2	0.62	9.1	6	
8.1	0.22	0.28	7.7	0.043	57	176	0.9954	3.12	0.55	10	5	
7.6	0.2	0.3	14.2	0.056	53	212.5	0.999	3.14	0.46	8.9	8	
7	0.12	0.28	6.3	0.057	17	103	0.9957	3.5	0.44	9.6	5	
7.4	0.3	0.22	5.25	0.053	33	180	0.9926	3.13	0.45	11.6	6	
7	0.28	0.33	14.6	0.043	47	168	0.9994	3.34	0.67	8.8	6	
7	0.28	0.33	14.6	0.043	47	168	0.9994	3.34	0.67	8.8	6	
7.3	0.18	0.31	17.3	0.055	32	197	1.0002	3.13	0.46	9	6	
7.4	0.3	0.22	5.25	0.053	33	180	0.9926	3.13	0.45	11.6	6	
7	0.28	0.33	14.6	0.043	47	168	0.9994	3.34	0.67	8.8	6	
8	0.4	0.33	7.7	0.034	27	98	0.9935	3.18	0.41	12.2	7	
6.6	0.32	0.22	16.7	0.046	38	133	0.9979	3.22	0.67	10.4	6	
6.3	0.41	0.33	4.7	0.023	28	110	0.991	3.3	0.38	12.5	7	
6.6	0.32	0.22	16.7	0.046	38	133	0.9979	3.22	0.67	10.4	6	
8.9	0.21	0.34	7.1	0.037	33	150	0.9962	3.1	0.45	9.7	6	
7.6	0.29	0.26	6.5	0.042	32	160	0.9944	3.14	0.47	10.7	5	
7.2	0.23	0.33	12.7	0.049	50	183	0.9987	3.41	0.4	9.8	5	
7.6	0.29	0.26	6.5	0.042	32	160	0.9944	3.14	0.47	10.7	5	
8.7	0.24	0.35	0.6	0.042	11	71	0.9926	3.08	0.38	10.6	5	
6.7	0.3	0.45	10.6	0.032	56	212	0.997	3.22	0.59	9.5	6	
5.7	0.385	0.04	12.6	0.034	22	115	0.9964	3.28	0.63	9.9	6	
8.7	0.24	0.35	0.6	0.042	11	71	0.9926	3.08	0.38	10.6	5	
6.8	0.34	0.44	6.6	0.052	28	156	0.9955	3.14	0.41	9.6	5	
6.3	0.28	0.24	8.45	0.031	32	172	0.9958	3.39	0.57	9.7	7	
11.8	0.23	0.38	11.1	0.034	15	123	0.9997	2.93	0.55	9.7	3	
6.8	0.21	0.27	18.15	0.042	41	146	1.0001	3.3	0.36	8.7	5	
6.8	0.21	0.27	18.15	0.042	41	146	1.0001	3.3	0.36	8.7	5	
6.8	0.21	0.27	18.15	0.042	41	146	1.0001	3.3	0.36	8.7	5	
7.3	0.29	0.37	8.3	0.044	45	227	0.9966	3.12	0.47	9	5	
6.8	0.28	0.44	11.5	0.04	58	223	0.9969	3.22	0.56	9.5	5	
6.6	0.23	0.27	5.6	0.043	43	164	0.9953	3.27	0.76	9.5	5	
6.6	0.27	0.29	5.3	0.045	57	189	0.9953	3.31	0.79	9.8	5	
7.4	0.45	0.32	7.1	0.044	17	117	0.9962	3.32	0.41	10.4	4	
7.5	0.42	0.14	10.7	0.046	18	95	0.9959	3.22	0.33	10.7	5	
7.5	0.33	0.32	11.1	0.036	25	119	0.9962	3.15	0.34	10.5	6	
9.4	0.3	0.32	10.7	0.029	14	111	0.9958	2.85	0.42	10.6	5	
7.2	0.24	0.19	7.7	0.045	53	176	0.9958	3.17	0.38	9.5	5	
6.6	0.22	0.53	15.1	0.052	22	136	0.9986	2.94	0.35	9.4	5	
6.6	0.22	0.53	15.1	0.052	22	136	0.9986	2.94	0.35	9.4	5	
8.4	0.28	0.4	8.9	0.048	33	146	0.9988	3.4	0.46	9.3	5	
6.8	0.32	0.34	6	0.05	5	129	0.9953	3.19	0.4	9.1	5	
6.7	0.24	0.33	12.3	0.046	31	145	0.9983	3.36	0.4	9.5	5	
6	0.16	0.3	6.7	0.043	43	153	0.9951	3.63	0.46	10.6	5	
6.7	0.24	0.33	12.3	0.046	31	145	0.9983	3.36	0.4	9.5	5	
6.2	0.34	0.3	11.1	0.047	28	237	0.9981	3.18	0.49	8.7	5	
6	0.16	0.3	6.7	0.043	43	153	0.9951	3.63	0.46	10.6	5	
6.8	0.32	0.34	6	0.05	5	129	0.9953	3.19	0.4	9.1	5	
8.5	0.24	0.47	15.2	0.057	40	234	1.0005	3.02	0.66	9	5	
7.7	0.23	0.31	10.7	0.038	59	186	0.9969	3.12	0.55	9.5	6	
6.5	0.22	0.25	17.1	0.05	44	138	1.0001	3.3	0.37	8.8	5	
6.5	0.22	0.25	17.1	0.05	44	138	1.0001	3.3	0.37	8.8	5	
6.5	0.22	0.25	17.1	0.05	44	138	1.0001	3.3	0.37	8.8	5	
7.7	0.23	0.31	10.7	0.038	59	186	0.9969	3.12	0.55	9.5	6	
6.5	0.22	0.25	17.1	0.05	44	138	1.0001	3.3	0.37	8.8	5	
6.4	0.2	0.32	3.1	0.041	18	126	0.9914	3.43	0.42	12	6	
6.8	0.25	0.27	10.7	0.076	47	154	0.9967	3.05	0.38	9	5	
6.9	0.26	0.33	12.6	0.051	59	173	0.998	3.39	0.38	9.9	5	
6.8	0.25	0.27	10.7	0.076	47	154	0.9967	3.05	0.38	9	5	
6	0.28	0.22	12.15	0.048	42	163	0.9957	3.2	0.46	10.1	5	
6.5	0.43	0.28	12	0.056	23	174	0.9986	3.31	0.55	9.3	5	
5.9	0.5	0.05	2.6	0.054	36	146	0.9948	3.43	0.5	9.2	6	
7.1	0.22	0.32	16.9	0.056	49	158	0.9998	3.37	0.38	9.6	6	
7.1	0.22	0.32	16.9	0.056	49	158	0.9998	3.37	0.38	9.6	6	
7.2	0.16	0.26	7.1	0.054	41	224	0.9966	3.38	0.55	10.1	5	
7.9	0.18	0.36	5.9	0.058	31	132	0.995	3.25	0.52	10.9	6	
7.2	0.16	0.26	7.1	0.054	41	224	0.9966	3.38	0.55	10.1	5	
7.7	0.28	0.35	15.3	0.056	31	117	0.9998	3.27	0.5	9.6	5	
7.7	0.28	0.35	15.3	0.056	31	117	0.9998	3.27	0.5	9.6	5	
8.2	0.21	0.32	10.65	0.053	53	145	0.9972	3.17	0.48	10.2	6	
7.2	0.2	0.31	10	0.054	49	165	0.997	3.4	0.42	9.9	6	
7.2	0.115	0.3	6.8	0.056	26	105	0.9954	3.44	0.4	9.6	6	
6.4	0.29	0.2	15.6	0.04	20	142	0.9962	3.1	0.54	10.6	5	
7	0.24	0.34	3	0.035	36	102	0.9905	3.18	0.43	12.2	6	
7.7	0.28	0.35	15.3	0.056	31	117	0.9998	3.27	0.5	9.6	5	
9.8	0.93	0.45	8.6	0.052	34	187	0.9994	3.12	0.59	10.2	4	
7.8	0.29	0.33	8.75	0.035	33	181	0.9962	3.11	0.46	10.7	5	
8.5	0.25	0.27	4.7	0.031	31	92	0.9922	3.01	0.33	12	6	
6.8	0.37	0.28	4	0.03	29	79	0.99	3.23	0.46	12.4	7	
9.9	0.49	0.23	2.4	0.087	19	115	0.9948	2.77	0.44	9.4	6	
8.5	0.25	0.27	4.7	0.031	31	92	0.9922	3.01	0.33	12	6	
8.4	0.22	0.28	18.8	0.028	55	130	0.998	2.96	0.35	11.6	5	
7.4	0.19	0.3	12.8	0.053	48.5	229	0.9986	3.14	0.49	9.1	7	
7.4	0.19	0.3	12.8	0.053	48.5	229	0.9986	3.14	0.49	9.1	7	
7.4	0.19	0.3	12.8	0.053	48.5	229	0.9986	3.14	0.49	9.1	7	
7.4	0.19	0.3	12.8	0.053	48.5	229	0.9986	3.14	0.49	9.1	7	
7.4	0.19	0.3	12.8	0.053	48.5	229	0.9986	3.14	0.49	9.1	7	
7.6	0.32	0.58	16.75	0.05	43	163	0.9999	3.15	0.54	9.2	5	
7.4	0.19	0.3	12.8	0.053	48.5	229	0.9986	3.14	0.49	9.1	7	
7.4	0.19	0.3	12.8	0.053	48.5	212	0.9986	3.14	0.49	9.1	7	
7.6	0.32	0.58	16.75	0.05	43	163	0.9999	3.15	0.54	9.2	5	
6.6	0.32	0.27	10.9	0.041	37	146	0.9963	3.24	0.47	10	5	
6.3	0.3	0.24	6.6	0.04	38	141	0.995	3.22	0.47	9.5	5	
6.4	0.33	0.24	9.8	0.041	29	109	0.9956	3.29	0.47	10.1	6	
7.5	0.18	0.31	11.7	0.051	24	94	0.997	3.19	0.44	9.5	7	
7.6	0.27	0.42	2.6	0.044	29	110	0.9912	3.31	0.51	12.7	6	
9.2	0.23	0.35	10.7	0.037	34	145	0.9981	3.09	0.32	9.7	5	
6.6	0.25	0.42	11.3	0.049	77	231	0.9966	3.24	0.52	9.5	6	
6.4	0.24	0.23	7.3	0.069	31	157	0.9962	3.25	0.53	9.1	5	
7.7	0.39	0.34	10	0.056	35	178	0.9974	3.26	0.6	10.2	5	
8.9	0.24	0.33	15.75	0.035	16	132	0.996	3	0.37	12.1	6	
6.6	0.23	0.24	3.9	0.045	36	138	0.9922	3.15	0.64	11.3	7	
8.5	0.28	0.34	13.8	0.041	32	161	0.9981	3.13	0.4	9.9	6	
8.5	0.28	0.34	13.8	0.041	32	161	0.9981	3.13	0.4	9.9	6	
8	0.45	0.28	10.8	0.051	25	157	0.9957	3.06	0.47	11.4	7	
6.9	0.23	0.33	12.8	0.056	44	169	0.998	3.42	0.42	9.8	6	
8	0.45	0.28	10.8	0.051	25	157	0.9957	3.06	0.47	11.4	7	
7.6	0.23	0.26	15.3	0.067	32	166	0.9986	3.03	0.44	9.2	4	
7.7	0.27	0.61	12	0.046	64	179	0.9982	3.07	0.46	8.9	5	
6.4	0.34	0.2	14.9	0.06	37	162	0.9983	3.13	0.45	9	4	
7	0.36	0.14	11.6	0.043	35	228	0.9977	3.13	0.51	8.9	5	
6.4	0.34	0.2	14.9	0.06	37	162	0.9983	3.13	0.45	9	4	
6.3	0.27	0.18	7.7	0.048	45	186	0.9962	3.23	0.47	9	5	
9.2	0.34	0.54	17.3	0.06	46	235	1.00182	3.08	0.61	8.8	6	
6.3	0.27	0.18	7.7	0.048	45	186	0.9962	3.23	0.47	9	5	
6.2	0.26	0.19	3.4	0.049	47	172	0.9924	3.14	0.43	10.4	6	
8.5	0.19	0.56	17.3	0.055	47	169	1.00047	3.07	0.67	9.3	6	
6.9	0.28	0.31	7.2	0.04	47	168	0.9946	3.29	0.57	10.6	7	
7.5	0.38	0.29	12.7	0.05	25	209	0.9986	3.25	0.59	9.3	6	
6.3	0.4	0.32	10.6	0.049	38	209	0.9981	3.47	0.59	9.3	6	
6.5	0.28	0.35	9.8	0.067	61	180	0.9972	3.15	0.57	9	4	
7.7	0.4	0.27	4.5	0.034	27	95	0.99175	3.21	0.59	12.3	8	
7.7	0.28	0.63	11.1	0.039	58	179	0.9979	3.08	0.44	8.8	4	
6.7	0.26	0.29	5.8	0.025	26	74	0.9929	3.28	0.53	11	6	
7	0.27	0.29	3.9	0.059	28	199	0.9961	3.54	0.59	10.3	5	
6.8	0.26	0.43	11.75	0.045	53	198	0.9969	3.26	0.55	9.5	5	
7.3	0.27	0.37	9.7	0.042	36	130	0.9979	3.48	0.75	9.9	6	
7.6	0.285	0.32	14.6	0.063	32	201	0.998	3	0.45	9.2	5	
7.6	0.285	0.32	14.6	0.063	32	201	0.998	3	0.45	9.2	5	
5.2	0.16	0.34	0.8	0.029	26	77	0.99155	3.25	0.51	10.1	6	
5.6	0.35	0.4	6.3	0.022	23	174	0.9922	3.54	0.5	11.6	7	
7.7	0.39	0.49	7.7	0.036	11	110	0.9966	3.33	0.76	10	6	
6.8	0.21	0.36	18.1	0.046	32	133	1	3.27	0.48	8.8	5	
6.8	0.21	0.36	18.1	0.046	32	133	1	3.27	0.48	8.8	5	
6.8	0.21	0.36	18.1	0.046	32	133	1	3.27	0.48	8.8	5	
6.9	0.34	0.3	4.7	0.029	34	148	0.99165	3.36	0.49	12.3	7	
6.6	0.36	0.52	11.3	0.046	8	110	0.9966	3.07	0.46	9.4	5	
5.1	0.14	0.25	0.7	0.039	15	89	0.9919	3.22	0.43	9.2	6	
6.5	0.28	0.28	20.4	0.041	40	144	1.0002	3.14	0.38	8.7	5	
6.9	0.4	0.22	5.95	0.081	76	303	0.99705	3.4	0.57	9.4	5	
6.2	0.21	0.34	6.6	0.03	36	91	0.9914	3.32	0.45	12.5	7	
7.9	0.37	0.31	2.85	0.037	5	24	0.9911	3.19	0.36	11.9	6	
5.7	0.23	0.28	9.65	0.025	26	121	0.9925	3.28	0.38	11.3	6	
6.6	0.26	0.38	6.5	0.17	68	201	0.9956	3.19	0.38	9.4	6	
6.8	0.24	0.37	7.45	0.043	59	188	0.99579	3.2	0.5	9.4	6	
6.9	0.23	0.32	16.4	0.045	62	153	0.9972	3.22	0.42	10.5	5	
7.9	0.51	0.36	6.2	0.051	30	173	0.9984	3.09	0.53	9.7	5	
7.9	0.51	0.34	2.6	0.049	13	135	0.99335	3.09	0.51	10	5	
7.1	0.29	0.28	9.3	0.048	50	141	0.9949	3.13	0.49	10.3	6	
6.4	0.22	0.32	7.2	0.028	15	83	0.993	3.13	0.55	10.9	8	
5.6	0.15	0.31	5.3	0.038	8	79	0.9923	3.3	0.39	10.5	6	
6.4	0.22	0.32	7.2	0.028	15	83	0.993	3.13	0.55	10.9	8	
6	0.11	0.47	10.6	0.052	69	148	0.9958	2.91	0.34	9.3	4	
6.6	0.4	0.46	6.2	0.056	42	241	0.9968	3.5	0.6	9.9	5	
6.6	0.45	0.43	7.2	0.064	31	186	0.9954	3.12	0.44	9.4	5	
8	0.22	0.31	5.6	0.049	24	97	0.993	3.1	0.42	10.9	5	
6.6	0.29	0.31	3.9	0.027	39	96	0.99035	3.24	0.6	12.6	8	
6.6	0.21	0.36	0.8	0.034	48	113	0.99165	3.24	0.68	10.5	6	
6.9	0.4	0.3	10.6	0.033	24	87	0.99265	3.15	0.45	12.8	6	
8.5	0.22	0.34	0.7	0.04	5	25	0.9918	3.04	0.37	10.5	4	
6.9	0.2	0.3	4.7	0.041	40	148	0.9932	3.16	0.35	10.2	6	
6.4	0.16	0.32	8.75	0.038	38	118	0.99449	3.19	0.41	10.7	5	
5.3	0.21	0.29	0.7	0.028	11	66	0.99215	3.3	0.4	9.8	5	
7.5	0.19	0.4	7.1	0.056	50	110	0.9954	3.06	0.52	9.9	6	
6.3	0.37	0.28	6.3	0.034	45	152	0.9921	3.29	0.46	11.6	7	
6.6	0.2	0.27	10.9	0.038	29	130	0.99496	3.11	0.44	10.5	7	
6.6	0.2	0.27	10.9	0.038	29	130	0.99496	3.11	0.44	10.5	7	
6.3	0.37	0.28	6.3	0.034	45	152	0.9921	3.29	0.46	11.6	7	
6.8	0.25	0.37	3.1	0.026	29	93	0.99035	3.14	0.45	12.2	6	
7	0.45	0.34	19.8	0.04	12	67	0.9976	3.07	0.38	11	6	
7	0.45	0.34	19.8	0.04	12	67	0.9976	3.07	0.38	11	6	
7	0.15	0.38	15.3	0.045	54	120	0.9975	3.18	0.42	9.8	6	
6.3	0.28	0.3	3.1	0.039	24	115	0.9942	3.05	0.43	8.6	5	
8.5	0.23	0.4	9.9	0.036	24	88	0.9951	3.02	0.42	10.5	6	
6.1	0.2	0.34	9.5	0.041	38	201	0.995	3.14	0.44	10.1	3	
5.7	0.16	0.26	6.3	0.043	28	113	0.9936	3.06	0.58	9.9	6	
6.9	0.36	0.35	8.6	0.038	37	125	0.9916	3	0.32	12.4	8	
5.6	0.41	0.22	7.1	0.05	44	154	0.9931	3.3	0.4	10.5	5	
6.6	0.29	0.39	6.75	0.031	22	98	0.9913	3.15	0.8	12.9	7	
5.7	0.15	0.28	3.7	0.045	57	151	0.9913	3.22	0.27	11.2	6	
5.7	0.15	0.28	3.7	0.045	57	151	0.9913	3.22	0.27	11.2	6	
6.4	0.25	0.37	4.5	0.039	41	147	0.9921	3.18	0.4	11.1	7	
7.4	0.19	0.31	14.5	0.045	39	193	0.9986	3.1	0.5	9.2	6	
7.4	0.19	0.31	14.5	0.045	39	193	0.9986	3.1	0.5	9.2	6	
7.4	0.19	0.31	14.5	0.045	39	193	0.9986	3.1	0.5	9.2	6	
7.4	0.19	0.31	14.5	0.045	39	193	0.9986	3.1	0.5	9.2	6	
7.4	0.19	0.31	14.5	0.045	39	193	0.9986	3.1	0.5	9.2	6	
7.4	0.19	0.31	14.5	0.045	39	193	0.9986	3.1	0.5	9.2	6	
6.9	0.38	0.29	13.65	0.048	52	189	0.99784	3	0.6	9.5	6	
6.9	0.38	0.29	13.65	0.048	52	189	0.99784	3	0.6	9.5	6	
6.9	0.38	0.29	13.65	0.048	52	189	0.99784	3	0.6	9.5	6	
6.9	0.38	0.29	13.65	0.048	52	189	0.99784	3	0.6	9.5	6	
6.8	0.18	0.24	9.8	0.058	64	188	0.9952	3.13	0.51	10.6	6	
7.2	0.22	0.28	7.2	0.06	41	132	0.9935	3.08	0.59	11.3	6	
6.5	0.43	0.28	11.25	0.032	31	87	0.9922	3.02	0.38	12.4	6	
6.5	0.43	0.28	11.25	0.032	31	87	0.9922	3.02	0.38	12.4	6	
7.2	0.22	0.28	7.2	0.06	41	132	0.9935	3.08	0.59	11.3	6	
7.6	0.36	0.49	11.3	0.046	87	221	0.9984	3.01	0.43	9.2	5	
6.8	0.23	0.3	6.95	0.044	42	179	0.9946	3.25	0.56	10.6	6	
7.6	0.36	0.49	11.3	0.046	87	221	0.9984	3.01	0.43	9.2	5	
6.7	0.38	0.26	9.55	0.036	35	91	0.9919	2.98	0.37	12.4	6	
6.2	0.23	0.35	0.7	0.051	24	111	0.9916	3.37	0.43	11	3	
7.2	0.37	0.4	11.6	0.032	34	214	0.9963	3.1	0.51	9.8	6	
7.2	0.37	0.4	11.6	0.032	34	214	0.9963	3.1	0.51	9.8	6	
7.6	0.22	0.28	12	0.056	68	143	0.9983	2.99	0.3	9.2	6	
6.7	0.24	0.3	3.85	0.042	105	179	0.99189	3.04	0.59	11.3	8	
7.6	0.22	0.28	12	0.056	68	143	0.9983	2.99	0.3	9.2	6	
6.7	0.24	0.3	3.85	0.042	105	179	0.99189	3.04	0.59	11.3	8	
7.6	0.23	0.29	8.6	0.053	65	146	0.9963	3.11	0.32	9.8	6	
7.1	0.35	0.27	3.1	0.034	28	134	0.9897	3.26	0.38	13.1	7	
7.2	0.31	0.35	7.2	0.046	45	178	0.9955	3.14	0.53	9.7	5	
7.2	0.31	0.35	7.2	0.046	45	178	0.9955	3.14	0.53	9.7	5	
5.7	0.22	0.22	16.65	0.044	39	110	0.99855	3.24	0.48	9	6	
5.7	0.22	0.22	16.65	0.044	39	110	0.99855	3.24	0.48	9	6	
5.7	0.22	0.22	16.65	0.044	39	110	0.99855	3.24	0.48	9	6	
5.7	0.22	0.22	16.65	0.044	39	110	0.99855	3.24	0.48	9	6	
7.6	0.37	0.34	3.2	0.028	42	162	0.9903	3.01	0.33	12.4	6	
5.9	0.655	0	5.6	0.033	8	31	0.9936	3.32	0.51	10.5	4	
7.4	0.28	0.36	14.6	0.048	35	161	0.9968	3.14	0.56	10.6	5	
6.6	0.26	0.24	7.2	0.038	28	137	0.9952	3.35	0.6	10.4	6	
7	0.32	0.27	7.1	0.027	37	122	0.99165	3.15	0.6	12.6	7	
7	0.16	0.25	14.3	0.044	27	149	0.998	2.91	0.46	9.2	6	
7	0.16	0.25	14.3	0.044	27	149	0.998	2.91	0.46	9.2	6	
7	0.16	0.25	14.3	0.044	27	149	0.998	2.91	0.46	9.2	6	
5.9	0.18	0.28	5.1	0.039	50	139	0.99165	3.16	0.44	11.3	6	
6.9	0.19	0.6	4	0.037	6	122	0.99255	2.92	0.59	10.4	4	
6.2	0.21	0.18	11.6	0.044	61	155	0.99655	3.14	0.52	9.4	6	
6.3	0.32	0.26	12	0.049	63	170	0.9961	3.14	0.55	9.9	6	
6.8	0.26	0.34	15.1	0.06	42	162	0.99705	3.24	0.52	10.5	3	
7	0.15	0.29	16.4	0.058	45	110	0.9978	3.15	0.37	9.7	6	
6.4	0.32	0.23	16.2	0.055	36	176	0.9986	3.26	0.54	9.1	5	
6.4	0.32	0.23	16.2	0.055	36	176	0.9986	3.26	0.54	9.1	5	
6	0.22	0.25	11.1	0.056	112	177	0.9961	3.08	0.36	9.4	6	
7	0.24	0.3	12.3	0.035	72	172	0.9954	2.99	0.57	10.4	6	
6.2	0.28	0.51	7.9	0.056	49	206	0.9956	3.18	0.52	9.4	5	
5.7	0.23	0.25	7.95	0.042	16	108	0.99486	3.44	0.61	10.3	6	
6.9	0.4	0.37	8.9	0.053	36	148	0.996	3.16	0.5	9.3	5	
6.9	0.4	0.37	8.9	0.053	36	148	0.996	3.16	0.5	9.3	5	
6.3	0.33	0.2	17.9	0.066	36	161	0.9991	3.14	0.51	8.8	5	
6.3	0.33	0.2	17.9	0.066	36	161	0.9991	3.14	0.51	8.8	5	
6.3	0.22	0.27	4.5	0.036	81	157	0.9928	3.05	0.76	10.7	7	
6.7	0.28	0.34	8.9	0.048	32	111	0.99455	3.25	0.54	11	7	
6.7	0.28	0.34	8.9	0.048	32	111	0.99455	3.25	0.54	11	7	
6.7	0.28	0.34	8.9	0.048	32	111	0.99455	3.25	0.54	11	7	
6.4	0.24	0.49	5.8	0.053	25	120	0.9942	3.01	0.98	10.5	6	
6.4	0.24	0.49	5.8	0.053	25	120	0.9942	3.01	0.98	10.5	6	
6.4	0.24	0.49	5.8	0.053	25	120	0.9942	3.01	0.98	10.5	6	
6.8	0.22	0.32	5.9	0.054	40	152	0.9938	3.2	0.57	10.8	6	
6.4	0.24	0.49	5.8	0.053	25	120	0.9942	3.01	0.98	10.5	6	
6.8	0.27	0.22	17.8	0.034	16	116	0.9989	3.07	0.53	9.2	5	
6.8	0.27	0.22	17.8	0.034	16	116	0.9989	3.07	0.53	9.2	5	
7.4	0.16	0.27	15.5	0.05	25	135	0.9984	2.9	0.43	8.7	7	
7.4	0.16	0.27	15.5	0.05	25	135	0.9984	2.9	0.43	8.7	7	
7.4	0.16	0.27	15.5	0.05	25	135	0.9984	2.9	0.43	8.7	7	
7.4	0.16	0.27	15.5	0.05	25	135	0.9984	2.9	0.43	8.7	7	
7.4	0.16	0.27	15.5	0.05	25	135	0.9984	2.9	0.43	8.7	7	
7.4	0.16	0.27	15.5	0.05	25	135	0.9984	2.9	0.43	8.7	7	
7.4	0.26	0.29	3.7	0.048	14	73	0.9915	3.06	0.45	11.4	6	
6.4	0.14	0.28	7.9	0.057	21	82	0.99425	3.26	0.36	10	6	
6.4	0.14	0.28	7.9	0.057	21	82	0.99425	3.26	0.36	10	6	
7.4	0.31	0.26	8.6	0.048	47	206	0.9964	3.26	0.36	9.1	5	
7.4	0.31	0.26	8.6	0.048	47	206	0.9964	3.26	0.36	9.1	5	
7.4	0.31	0.26	8.6	0.048	47	206	0.9964	3.26	0.36	9.1	5	
6.1	0.25	0.28	10	0.055	56	131	0.994	3.22	0.35	10.9	6	
6.2	0.32	0.5	6.5	0.048	61	186	0.9948	3.19	0.45	9.6	5	
6.9	0.24	0.4	15.4	0.052	81	198	0.9986	3.2	0.69	9.4	5	
6.4	0.33	0.28	4	0.04	24	81	0.9903	3.26	0.64	12.6	7	
6.9	0.24	0.4	15.4	0.052	81	198	0.9986	3.2	0.69	9.4	5	
6	0.17	0.21	6	0.05	26	134	0.9939	3.08	0.54	9.8	6	
6.5	0.26	0.24	10.8	0.042	47	130	0.996	3.08	0.4	10.1	6	
7.1	0.46	0.23	13.7	0.045	44	192	0.9981	3.11	0.53	9.4	5	
6.6	0.21	0.3	9.9	0.041	64	174	0.995	3.07	0.5	10.1	6	
6	0.2	0.26	6.8	0.049	22	93	0.9928	3.15	0.42	11	6	
6	0.2	0.26	6.8	0.049	22	93	0.9928	3.15	0.42	11	6	
6	0.2	0.26	6.8	0.049	22	93	0.9928	3.15	0.42	11	6	
6	0.2	0.26	6.8	0.049	22	93	0.9928	3.15	0.42	11	6	
6.3	0.28	0.22	11.5	0.036	27	150	0.99445	3	0.33	10.6	6	
6.5	0.22	0.19	4.5	0.096	16	115	0.9937	3.02	0.44	9.6	5	
6.5	0.13	0.27	2.6	0.035	32	76	0.9914	3.21	0.76	11.33333333	6	
6.5	0.13	0.27	2.6	0.035	32	76	0.9914	3.21	0.76	11.33333333	6	
6.9	0.56	0.26	10.9	0.06	55	193	0.9969	3.21	0.44	9.4	5	
6.4	0.28	0.22	12.8	0.039	51	150	0.99535	3.23	0.43	10.7	6	
6.6	0.18	0.26	17.3	0.051	17	149	0.9984	3	0.43	9.4	6	
6.6	0.18	0.26	17.3	0.051	17	149	0.9984	3	0.43	9.4	6	
6.6	0.26	0.56	15.4	0.053	32	141	0.9981	3.11	0.49	9.3	5	
6.6	0.26	0.56	15.4	0.053	32	141	0.9981	3.11	0.49	9.3	5	
6	0.555	0.26	4.5	0.053	17	126	0.9943	3.24	0.46	9.1	5	
5.8	0.555	0.26	4.5	0.053	17	126	0.9943	3.24	0.46	9.1	5	
6	0.19	0.37	9.7	0.032	17	50	0.9932	3.08	0.66	12	6	
6.8	0.23	0.39	16.1	0.053	71	194	0.9988	3.18	0.64	10.2	6	
6.8	0.2	0.25	6.2	0.052	22	106	0.9935	3.09	0.54	10.8	5	
5.2	0.38	0.26	7.7	0.053	20	103	0.9925	3.27	0.45	12.2	6	
6.6	0.54	0.21	16.3	0.055	41	182	0.9986	3.35	0.54	10.4	6	
5.8	0.61	0.01	8.4	0.041	31	104	0.9909	3.26	0.72	14.05	7	
6.4	0.28	0.23	6	0.051	50	162	0.994	3.15	0.52	10.2	5	
5.1	0.305	0.13	1.75	0.036	17	73	0.99	3.4	0.51	12.33333333	5	
5.8	0.26	0.3	2.6	0.034	75	129	0.9902	3.2	0.38	11.5	4	
9	0.2	0.33	3.5	0.049	10	40	0.9944	3.14	0.36	9.8	6	
5.8	0.13	0.22	12.7	0.058	24	183	0.9956	3.32	0.42	11.7	6	
9	0.2	0.33	3.5	0.049	10	40	0.9944	3.14	0.36	9.8	6	
6.7	0.18	0.25	14.3	0.048	79	149	0.9975	3.12	0.37	9.7	5	
6.6	0.16	0.25	9.8	0.049	59.5	137	0.995	3.16	0.38	10	6	
5.8	0.13	0.22	12.7	0.058	24	183	0.9956	3.32	0.42	11.7	6	
5.8	0.27	0.22	12.7	0.058	42	206	0.9946	3.32	0.38	12.3	6	
6.4	0.37	0.19	3.5	0.068	18	101	0.9934	3.03	0.38	9	6	
7.3	0.26	0.53	12.7	0.047	60.5	164.5	0.9984	3.06	0.45	9.1	6	
7.3	0.28	0.54	12.9	0.049	62	162.5	0.9984	3.06	0.45	9.1	6	
7.3	0.28	0.54	12.9	0.049	62	162.5	0.9984	3.06	0.45	9.1	6	
7.3	0.26	0.53	12.7	0.047	60.5	156	0.9984	3.06	0.45	9.1	6	
7.1	0.09	0.3	6.2	0.032	24	134	0.993	2.99	0.39	10.9	6	
6.9	0.28	0.37	9.1	0.037	16	76	0.9948	3.05	0.54	11.1	5	
6.9	0.28	0.37	9.1	0.037	16	76	0.9948	3.05	0.54	11.1	5	
6.9	0.28	0.37	9.1	0.037	16	76	0.9948	3.05	0.54	11.1	5	
6.1	0.37	0.46	12	0.042	61	210	0.997	3.17	0.59	9.7	6	
5.9	0.21	0.23	7.9	0.033	22	130	0.9944	3.38	0.59	10.9	6	
6.9	0.22	0.32	9.3	0.04	22	110	0.9958	3.34	0.54	10.7	7	
5.6	0.26	0.27	10.6	0.03	27	119	0.9947	3.4	0.34	10.7	7	
5.8	0.28	0.66	9.1	0.039	26	159	0.9965	3.66	0.55	10.8	5	
8.6	0.36	0.26	11.1	0.03	43.5	171	0.9948	3.03	0.49	12	5	
5.8	0.28	0.66	9.1	0.039	26	159	0.9965	3.66	0.55	10.8	5	
6.3	0.37	0.51	6.3	0.048	35	146	0.9943	3.1	1.01	10.5	6	
7	0.33	0.78	9.9	0.042	21	251	0.99435	3.01	0.55	11	6	
6.5	0.29	0.32	3	0.036	38	93	0.9906	3.16	0.59	12	6	
6.9	0.29	0.32	5.8	0.04	16	112	0.993	3.04	0.58	11.2	5	
6.1	0.44	0.28	4.25	0.032	43	132	0.9916	3.26	0.47	11.26666667	7	
6.1	0.44	0.28	4.25	0.032	43	132	0.9916	3.26	0.47	11.3	7	
6.7	0.61	0.21	1.65	0.117	40	240	0.9938	3.11	0.57	9.3	5	
6	0.29	0.41	10.8	0.048	55	149	0.9937	3.09	0.59	10.96666667	7	
6	0.29	0.41	10.8	0.048	55	149	0.9937	3.09	0.59	10.96666667	7	
6	0.29	0.41	10.8	0.048	55	149	0.9937	3.09	0.59	10.96666667	7	
6	0.29	0.41	10.8	0.048	55	149	0.9937	3.09	0.59	11	7	
5.8	0.35	0.29	3.2	0.034	41	151	0.9912	3.35	0.58	11.63333333	7	
6.8	0.32	0.33	0.7	0.027	15	66	0.9899	3.11	0.31	11.8	6	
5.5	0.315	0.38	2.6	0.033	10	69	0.9909	3.12	0.59	10.8	6	
6.4	0.42	0.46	8.4	0.05	58	180	0.99495	3.18	0.46	9.7	6	
6.9	0.31	0.33	12.7	0.038	33	116	0.9954	3.04	0.65	10.4	6	
6	0.27	0.32	3.6	0.035	36	133	0.99215	3.23	0.46	10.8	6	
6.1	0.41	0.2	12.6	0.032	54	136	0.99516	2.91	0.43	10.6	6	
6.4	0.23	0.35	10.3	0.042	54	140	0.9967	3.23	0.47	9.2	5	
6.4	0.23	0.35	10.3	0.042	54	140	0.9967	3.23	0.47	9.2	5	
7.1	0.23	0.39	13.7	0.058	26	172	0.99755	2.9	0.46	9	6	
7.1	0.23	0.39	13.7	0.058	26	172	0.99755	2.9	0.46	9	6	
5	0.235	0.27	11.75	0.03	34	118	0.9954	3.07	0.5	9.4	6	
4.9	0.235	0.27	11.75	0.03	34	118	0.9954	3.07	0.5	9.4	6	
